YP_001214693	5590.89	4549.479414	3852.340904	3526.104355	9687.057742
YP_001213862	3285.24	2593.718623	1883.514658	2419.032855	3892.364747
YP_001214692	5461.89	2342.510728	2356.941123	2696.230277	5622.646473
YP_001214665	1120.77	1466.593034	1013.028523	600.9627294	1802.456083
YP_001214348	1427.97	1224.652971	974.6893251	792.3998856	1033.80852
YP_001214566	460.1	1013.99184	449.1398812	275.4405604	163.1636621
YP_001214001	1221.01	966.3700788	461.0846034	366.5542823	893.7811984
YP_001214341	661.35	886.2695311	471.7218214	848.4095213	2633.390373
YP_001214649	689.09	877.7629853	547.1660305	503.5452992	1048.515479
YP_001214089	474.92	850.1001619	691.993495	435.5856888	1059.452335
YP_001214307	1309.54	730.131387	1138.316744	779.3891643	1654.924122
YP_001213929	1105.78	727.8558033	537.8851952	373.8413912	635.0400864
YP_001214671	779.46	719.9615964	480.7765928	431.5305426	1874.345903
YP_001213952	635.04	668.0700123	362.0625515	228.856101	580.2491063
YP_001213786	444.34	661.6156293	359.1359418	243.8943954	468.0174036
YP_001213951	716.41	643.3530354	463.7362706	368.4934599	470.4982026
YP_001214343	1347.31	631.7434209	361.3110421	455.0050881	662.1510404
YP_001214144	313.98	572.6278927	385.8786777	331.5054434	604.3279726
YP_001213942	655.69	506.7766367	364.9525022	293.7826388	322.2904685
YP_001214381	773.61	502.1178961	253.0753632	260.4796121	406.6820935
YP_001213945	594.45	498.758307	279.6897926	418.2491099	126.7608266
YP_001214355	183.06	495.4897413	303.8847285	215.1768884	269.491241
YP_001214344	1540.95	463.6150192	352.4762246	504.2911367	416.6675318
YP_001214145	469.09	460.4126523	464.8299306	580.8637893	741.1720467
YP_001214212	707.17	455.5304908	297.7199077	172.5205066	489.828873
YP_001213999	491.9	452.6011939	258.3237091	187.5698505	384.9684334
YP_001214027	735.89	444.3842679	364.7692072	299.7161906	624.7612203
YP_001214360	200.68	441.1488016	205.3636828	208.436727	142.0012907
YP_001213928	1706.95	426.4609429	255.6414927	401.1666682	691.7250099
YP_001213946	1029.49	423.4323478	309.8051559	331.0800398	444.9699806
YP_001214028	355.76	418.4177887	270.9282931	198.5806222	280.2146947
YP_001214390	220.59	414.3134631	273.5616308	235.5741635	108.5060583
YP_001213920	427.96	414.0072937	272.6757051	220.3867016	262.2088955
YP_001214107	744.6	403.6140821	310.568885	273.7610448	426.1994907
YP_001213931	503.49	396.0425944	168.527504	249.9163429	234.8134054
YP_001214712	97.68	395.7529746	277.3986055	118.7539082	211.0724257
YP_001213914	578.47	389.7950826	235.2713119	199.5363992	129.4194606
YP_001214666	898.91	389.0255216	267.0118906	236.0492896	216.5141784
YP_001214494	485.79	385.0701433	269.8101938	273.2417209	457.1783571
YP_001214037	366.36	373.7004995	263.4437485	206.6135686	360.8806753
YP_001214321	448.24	371.3918163	208.8585069	198.02815	278.4274525
YP_001214682	498.88	364.4740417	318.8171586	295.6610444	399.3108305
YP_001213926	640.55	358.2182552	267.1096479	237.9221705	483.0000069
YP_001213998	1238.79	353.2036961	267.0363299	281.3299145	502.3484608
YP_001214119	354.81	343.6379695	197.2192764	184.7909151	303.359927
YP_001213730	376.93	334.4942603	276.616547	189.9510058	284.7672721
YP_001213908	571.05	324.1589727	207.3860373	161.7583474	315.479386
YP_001213848	106.53	323.9686511	142.1635777	201.072272	127.214306
YP_001213940	629.97	316.4633622	349.5435051	272.6395261	598.8595447
YP_001213939	141.82	312.3838612	249.7638341	96.40640602	127.534409
YP_001214572	342.43	312.2928378	167.9165207	206.4588764	48.39780997
YP_001214672	400.71	311.7218732	227.7684378	181.9456831	231.0255188
YP_001213919	2286.74	305.6315836	272.8528903	608.5095002	189.8389203
YP_001214071	396.72	296.6699211	79.54390654	61.8105943	22.80734569
YP_001213781	990.75	295.4700679	196.7671488	213.6354908	247.1373747
YP_001213941	943.01	293.533753	194.0849324	245.2037546	206.9110854
YP_001214536	198.76	291.5891632	196.9871028	152.1121821	297.4913703
YP_001213821	404.21	286.6821772	164.2506214	151.018287	185.5797707
YP_001214127	232	285.2340784	232.3019334	147.5542861	74.07719179
YP_001214002	257.16	283.9101024	126.229135	233.9830434	82.42654758
YP_001213917	423.08	281.9820624	257.816593	161.6202293	149.6215228
YP_001214330	231.26	278.9369176	286.5022556	152.1398057	354.5497474
YP_001214093	311.4	278.3576781	282.5247548	214.187963	423.6742329
YP_001213915	726.8	264.2490589	166.6640051	187.4041088	168.3208787
YP_001213822	456.4	264.0421877	188.9099045	157.8634181	716.4440825
YP_001213876	384.14	260.2109321	211.7606772	159.7639226	183.2945903
YP_001214051	283.8	259.1352016	238.5584016	185.7964146	306.0541281
YP_001214492	416.84	258.4566639	249.9410192	205.9671761	376.423459
YP_001214532	141.64	256.6279221	166.9145082	86.47847986	174.171652
YP_001213819	173.29	255.5521916	178.6759354	166.9847348	252.4724263
YP_001214569	231.48	255.4115191	167.1955605	262.3469683	320.1030974
YP_001213943	1183.01	255.2873964	141.3754093	285.5729013	382.4787426
YP_001214342	932.9	254.6833324	165.2037552	368.1067293	628.5935657
YP_001214213	387.32	253.3676312	192.3191909	165.8079689	182.5743583
YP_001214058	177.28	249.685323	127.432772	72.70534689	157.0105693
YP_001214535	444.48	249.6687733	190.7061952	153.3662941	325.1980717
YP_001214394	7.34	248.1048266	952.6267207	1126.629017	4750.632285
YP_001214108	184	246.0030147	121.7078592	66.31876779	113.6543831
YP_001213911	557.58	244.9603836	198.7895033	176.9623835	211.7837659
YP_001214361	596.42	244.7866118	152.861894	179.5755772	178.7509046
YP_001214385	590.58	242.9909693	98.36829982	336.6268611	268.0418853
YP_001214072	296.59	242.8833963	159.1733507	127.8752249	197.7970389
YP_001214031	244.12	242.2131334	196.0645181	142.2726515	166.800389
YP_001214583	344.33	239.3996845	157.2854126	193.8459351	185.3041264
YP_001214377	332.44	238.9693923	206.3901347	146.8747452	226.2239723
YP_001213833	258.53	233.4417925	192.0259189	167.0897045	223.1207506
YP_001214336	350.63	230.6779926	165.7536401	161.3826663	156.5748734
YP_001214410	272.21	228.9402741	204.0011902	105.5166733	393.3711397
YP_001214122	387.56	228.4437831	170.421552	120.4610474	114.0100532
YP_001214541	283.93	225.0924689	175.4866029	140.4494931	226.1706218
YP_001214564	155.42	221.2694882	156.8393948	97.0914716	261.2130192
YP_001213933	603.65	219.291799	144.6624991	209.2157129	273.3680452
YP_001214480	104.57	217.7444021	221.9518775	161.1174796	239.4282251
YP_001214619	106.5	217.1486129	147.9556987	95.36775821	157.881961
YP_001214345	249.57	216.6024728	154.3099242	104.6050941	289.1331227
YP_001214323	198.57	215.5846662	145.3101413	108.6878639	164.8708787
YP_001214511	219.71	215.1460992	195.8323445	156.6093061	214.4690752
YP_001213854	181.65	213.0939364	150.1674579	121.146113	160.0693322
YP_001214395	0.1	212.9036149	204.0378492	210.7957835	239.1259055
YP_001213825	307.91	212.2250772	143.9904175	129.9083227	167.3694612
YP_001214000	148.27	211.7782353	94.42134816	56.31902023	144.7666258
YP_001214475	146	211.3313934	121.67731	71.56725408	186.8690748
YP_001213736	128.87	209.1964821	142.3468726	167.2499215	381.0293869
YP_001214597	0.1	205.2742032	119.2700361	37.41342015	0.088917527
YP_001214815	256.5	202.195959	117.0643866	119.0522432	82.08866097
YP_001213713	163.61	201.7325674	147.4974612	113.1407902	129.2949761
YP_001214198	460.16	201.2195267	189.2581649	149.3498209	153.4449764
YP_001214386	402.24	200.6816615	127.2433672	193.9951026	154.2452342
YP_001213521	255.77	200.3092932	112.2376191	83.68297032	111.6359552
YP_001213993	147.18	199.7631531	89.49682334	80.29079076	104.3891768
YP_001214707	0.1	197.7689143	58.42221633	51.60090729	0.088917527
YP_001214121	341.9	196.7842071	131.8257414	116.6158406	195.6896935
YP_001214807	218.35	189.7092104	135.302236	132.3723489	196.1431729
YP_001213910	489.86	185.3566393	124.4206247	248.6014589	294.263664
YP_001213890	237.96	184.4298561	126.559066	102.6382929	215.4738433
YP_001214833	101.79	184.3471076	112.9219203	155.1894524	128.7970379
YP_001214533	359.88	184.1567861	149.00048	203.0556474	206.0663689
YP_001214197	49.53	178.0747713	110.5451956	72.51198161	143.752966
YP_001213925	367.44	175.4847433	152.6480499	120.1461382	86.00992392
YP_001213912	261.76	172.0589554	145.0840775	134.0794881	78.46082587
YP_001213828	133.99	170.8922016	117.5042945	88.69389354	183.1523222
YP_001214717	126.99	169.3365298	192.789648	180.0783269	186.0866006
YP_001214314	166.89	168.9641615	109.8059059	60.74432288	141.0854402
YP_001213692	75.99	168.6166178	134.4529693	117.6379142	111.7960068
YP_001214809	138.5	166.9368233	124.1029134	103.0802707	79.33221763
YP_001214060	76.63	166.564455	83.99186445	78.57812681	90.95373842
YP_001214593	57.67	165.571473	142.6279249	58.37974169	187.0380182
YP_001213981	78.71	162.1456851	84.01019394	60.91006455	42.11134081
YP_001213907	104.38	161.7071181	88.37872403	72.45120966	91.43389307
YP_001213997	131.37	159.6797799	155.7823938	197.6358947	211.7748742
YP_001213474	110.77	158.9929673	103.8304899	78.14167374	100.7702334
YP_001213889	281.63	156.8084069	130.2066359	102.9808257	132.424873
YP_001213724	118.26	156.2208926	123.5224793	88.11379769	117.7890481
YP_001214660	104.61	155.6913022	133.2921012	86.82653737	40.84871193
YP_001214035	178.31	155.5671794	94.01809923	75.3958867	148.0476825
YP_001214388	0.1	154.2763028	132.2106609	114.1241908	169.245621
YP_001214334	101.21	153.7880867	107.8629792	69.48995845	102.5663675
YP_001213874	111.19	152.2655143	113.4290364	68.24689591	91.5405941
YP_001213913	653.36	151.1566844	87.55389667	270.4738349	394.9627634
YP_001213891	186.94	150.9498131	104.0687733	95.20754126	126.7519348
YP_001213980	61.16	150.6767431	91.50084833	129.5823641	127.0542544
YP_001214797	123.88	149.6672114	112.0298848	63.83816743	80.08801661
YP_001214529	80.14	148.8397264	90.32776053	62.0813057	128.8592802
YP_001214182	105.94	146.9116864	112.0726536	87.72706712	84.11598059
YP_001213992	163.7	146.6386163	109.4576454	79.5118049	135.5280947
YP_001214095	50.57	145.662184	113.1418743	54.82734518	55.36894409
YP_001214267	250.02	145.0084709	110.8690167	104.7542616	188.0072192
YP_001214831	125.52	144.9670966	77.22217027	65.83811694	62.71353183
YP_001214349	104.61	144.834699	115.7263333	87.89833351	138.3023216
YP_001213930	273.6	144.7354008	81.54793153	154.9574141	93.38118691
YP_001214677	90.36	144.4871553	103.8304899	75.62792505	72.28994949
YP_001213785	85.94	141.4006363	107.6308056	64.30224411	91.62061987
YP_001214609	125.32	141.1027417	80.9736073	55.26932297	60.08157303
YP_001214696	192.5	140.7800225	162.7292731	91.05295001	203.9768071
YP_001214456	389.13	140.5566016	144.2897993	322.1962861	313.9411128
YP_001214483	183.48	138.7609591	132.8338637	93.25731425	112.4984552
YP_001213916	374.92	136.4688257	97.19521202	232.5300414	249.8760345
YP_001214789	126.97	136.4440011	180.6494112	186.862686	232.7238436
YP_001214485	183.5	136.2454047	99.71246292	124.4609464	215.162632
YP_001213861	80.79	135.4344694	144.7113777	79.43998351	127.321007
YP_001214038	64.28	135.3517209	85.34213738	79.15269794	115.0859553
YP_001214466	51.02	133.7133007	57.19414004	53.5511343	83.68917646
YP_001214041	168.83	133.3574821	102.4007891	74.29646695	83.44020738
YP_001214208	258.96	131.8431846	85.10385392	103.4172788	103.8734551
YP_001214818	217.92	131.4046175	123.1803287	112.5109718	178.3685593
YP_001213728	139.27	130.825378	83.18536659	75.71079588	92.48311989
YP_001214259	41.29	129.8737703	90.77377829	80.08637603	97.41804264
YP_001213691	53.25	129.7992966	98.0994672	59.08138143	132.7627596
YP_001213923	362.56	129.5096769	111.9076882	287.589425	148.714564
YP_001214477	253.5	128.3677476	108.1195921	88.93698133	78.63866092
YP_001214143	196.66	127.6395608	113.0502268	66.92096253	115.886213
YP_001213503	129.88	127.1099704	81.57237086	96.83733437	96.16430551
YP_001214050	45.72	126.7955261	104.5086813	92.48937784	35.02461391
YP_001213875	129.43	126.3486842	100.5983886	71.44571018	229.8429157
YP_001214524	41.91	126.2824854	81.80454449	55.46268826	145.8069609
YP_001214211	177.94	124.7268136	78.03477797	63.3133188	83.82255275
YP_001213836	241.15	123.3283639	68.60730675	114.1739133	124.9291255
YP_001214181	9.45	117.7097408	50.07007559	64.03705743	0.088917527
YP_001213634	193.56	116.0713205	143.1594803	95.18544237	164.2573477
YP_001213902	168.99	115.5831044	112.0543241	99.77096197	84.43608369
YP_001213901	119.76	115.326584	73.1957908	52.84949456	59.21907302
YP_001214674	134.57	115.1776367	59.66862211	94.34015984	81.93750118
YP_001214546	144.8	115.1031631	60.75006243	73.4953822	48.79793885
YP_001214158	147.84	114.2343038	64.42207163	50.39651781	32.01030974
YP_001213798	39.4	114.1350056	114.7670897	83.78794004	145.7180433
YP_001214457	49.57	113.564041	66.34055897	45.47399014	28.26688185
YP_001214396	0.1	112.7862051	173.0854389	104.8371324	145.8514196
YP_001214785	25.43	112.6703572	114.8220782	55.56213326	115.8061872
YP_001213921	514.53	112.2979889	96.48036164	152.1563798	108.1948469
YP_001214599	156.54	111.354656	65.06971386	76.13619951	24.19445911
YP_001214142	289.96	110.8995393	77.8331535	78.29636597	40.19072223
YP_001214830	110.17	110.7174926	90.74933896	67.58945394	86.75683114
YP_001214207	102.29	109.2280196	53.26551788	19.11001481	32.01920149
YP_001213512	125.3	108.7149789	68.18572832	81.26866662	101.3659808
YP_001214320	446.28	106.8614125	71.63167373	318.715711	161.6520642
YP_001214013	92.98	106.4559449	75.27924361	64.21937327	57.17396989
YP_001213887	90.69	106.0422024	67.42199929	59.34656811	63.48711431
YP_001214711	66.64	105.6698341	54.22476155	91.43968058	77.48273307
YP_001214131	110.56	105.4133138	65.74179541	55.4240152	68.29755253
YP_001214473	82.88	104.8092497	71.77830971	62.00395959	124.3600533
YP_001214478	81.69	104.5030803	59.33258134	41.396745	28.03569628
YP_001214534	104.02	104.4286066	75.78024985	63.15862657	105.5539964
YP_001214124	72.87	103.8245426	62.16754352	43.75580147	67.3994855
YP_001214309	126.87	103.4190749	72.32208478	62.91001406	18.21030954
YP_001213918	199.57	102.9308588	28.49625779	169.1835743	52.06121209
YP_001214202	150.07	102.4922917	73.64180855	91.8650842	47.91765533
YP_001213869	87.45	101.8965025	63.59724427	40.31942414	83.68028471
YP_001214128	23.12	101.540684	177.9122064	86.8596857	406.5398254
YP_001213794	82.39	101.3503624	114.0766786	51.58433313	179.889049
YP_001213827	85.95	100.8952457	65.68069708	69.91536208	129.5439452
YP_001214373	102.02	99.11615293	79.12843795	53.33014541	70.28041338
YP_001214661	86.47	98.69413558	60.95779673	43.87734537	45.3657223
YP_001213826	66.7	98.33831703	43.82582699	89.04195105	30.18750043
YP_001214627	51.67	98.15627033	66.76824723	52.1699537	98.52061997
YP_001214136	57.75	96.19513089	56.00883257	39.82772384	43.31172743
YP_001214324	140.35	95.53314289	69.12053266	59.87694146	69.19561955
YP_001214099	71.66	95.11112555	71.18565597	40.83322332	55.46675337
YP_001214042	135.32	95.11112555	76.61118705	53.95996376	73.73041343
YP_001214209	83	94.89597945	57.07805322	55.1035813	25.59935604
YP_001214140	382.4	93.82024895	98.55159479	115.6103411	258.7677872
YP_001213965	71.53	93.67130165	82.72101933	101.7653868	65.47886692
YP_001213497	30.64	93.6464771	47.42451821	85.73816705	43.40064495
YP_001214020	216.3	93.596828	55.94773425	45.53476209	56.54265545
YP_001214112	109.62	91.03162451	57.34077601	50.49596281	57.13840288
YP_001214228	60.74	90.57650776	110.4229989	56.49028662	77.50051658
YP_001213963	160.13	90.03864252	47.04570861	52.71690122	70.92951133
YP_001214206	65.81	89.26080662	70.69686939	49.75012529	29.19162413
YP_001214683	48.96	88.59054377	57.44464316	39.70065523	67.11494942
YP_001213872	277.98	88.57399407	67.00042086	102.577521	32.32152108
YP_001213936	61.85	88.25954977	41.54074972	33.4577189	27.66224267
YP_001214628	36.1	87.37414082	75.45031891	41.27520111	52.7725523
YP_001214462	64.4	86.92729893	53.44881285	33.4577189	33.12177883
YP_001213857	159.83	85.79364448	52.48345934	40.61223442	84.82732081
YP_001214098	98.07	85.50402473	68.71728373	41.42989334	57.88531011
YP_001213496	23.33	84.31244634	55.17178555	65.74972138	57.3606967
YP_001214387	239.89	83.12914279	66.15115417	98.23508914	195.9475544
YP_001214224	55.57	83.01329489	49.02529427	28.75065541	62.92693389
YP_001213479	103.97	82.79814879	76.21404795	44.35247149	12.5018043
YP_001214460	76.03	82.54162844	318.9210257	219.8729024	391.8595417
YP_001214530	61.19	81.89619015	76.6967247	55.57870743	61.09523284
YP_001214641	9.15	79.9846998	69.24272931	77.50080594	31.03221694
YP_001213924	373	79.918501	48.11492926	143.9521671	42.69819649
YP_001214389	36.94	79.72817945	56.39986184	75.59477671	72.77010414
YP_001214129	47.38	78.31318011	45.86651098	31.62351106	25.58157253
YP_001214698	0.1	77.21262506	23.24180202	0.055247224	0.088917527
YP_001214760	53.1	76.12861972	50.88268329	38.67858158	26.10618594
YP_001214039	75.75	75.72315207	59.11262738	31.93289552	55.40451111
YP_001214503	2.43	75.49145627	43.69752052	32.03234052	8.749484662
YP_001214120	0.1	75.37560837	16.49043734	20.15418735	0.088917527
YP_001214820	133.68	75.28458502	53.96814859	51.65062979	61.09523284
YP_001214362	76.71	75.25148562	70.98403151	39.77247662	15.97847961
YP_001213893	16.68	75.22666107	43.03765863	36.47974206	17.88131469
YP_001214135	31.62	74.68052097	49.38577437	39.2752516	54.47976882
YP_001214100	64.44	74.22540422	57.20024987	41.66193168	33.00618604
YP_001214418	58.83	74.04335752	38.51638274	26.97721952	25.6260313
YP_001213989	62.35	73.97715872	51.16373557	31.78925274	26.9420107
YP_001213841	111.09	73.29034618	60.3101545	59.69462562	44.39652126
YP_001213959	78.58	72.34701328	49.41632354	37.53496404	57.60966578
YP_001213888	118.56	71.71812468	47.33898056	35.21458063	28.12461381
YP_001214322	4.44	71.17198459	35.00322917	22.51876854	0.088917527
YP_001213770	22.75	70.70859299	45.15777043	22.23148297	57.13840288
YP_001214594	0.1	70.17072774	67.22037482	104.2846602	32.53492315
YP_001214426	36.11	69.57493854	45.26774741	25.32532752	31.55683035
YP_001214163	84.4	69.48391519	39.50617557	26.95512063	20.87783535
YP_001213810	57.08	69.24394454	45.24330808	30.45226991	23.47422714
YP_001214021	13.24	69.05362299	48.73813215	70.09767792	116.0018058
YP_001214391	72.31	68.78882779	58.49553431	42.04866225	41.48891812
YP_001214369	0.1	68.54058229	11.71254849	0.055247224	0.088917527
YP_001214668	53.46	68.38336015	77.56432088	47.54023632	66.82152158
YP_001214422	20.54	68.3088865	39.63448205	34.9107209	51.21649558
YP_001213935	50.57	68.0275416	61.39770465	47.92696689	28.31134061
YP_001214214	54.6	67.8454949	44.69953301	33.65108419	37.10528404
YP_001213811	73.2	67.83722005	52.88059844	33.96599337	32.92616027
YP_001214005	414.34	67.60552425	56.79700094	139.9301692	0.088917527
YP_001214026	130.62	66.8525129	52.5506675	137.2285799	115.6550274
YP_001213985	56.77	66.81113865	54.53025316	44.71157845	51.39433064
YP_001213771	50.07	66.7863141	27.70197959	58.75542281	6.677706282
YP_001214115	59.27	65.44578841	54.64023014	38.66753214	29.19162413
YP_001214004	120.04	65.14789381	49.36133505	98.95330305	68.45760408
YP_001214549	30.54	64.84172436	45.1516606	16.20401082	65.27435661
YP_001213561	38.32	64.51900521	53.76652412	56.61183052	30.51649528
YP_001214177	37.31	64.29558426	35.49201575	20.05474234	18.69046419
YP_001214459	31.97	64.22938546	53.52824067	37.10403569	44.27203672
YP_001213956	34.26	63.48464896	45.92149947	34.85547367	27.88453648
YP_001213842	42.94	63.46809926	38.07647481	22.47457076	60.08157303
YP_001214734	43.49	63.12883042	56.69924362	31.91632135	48.22886667
YP_001214327	53.82	63.01298252	45.28607691	19.53541844	60.58840293
YP_001214175	102.44	62.61578972	43.88081548	39.51281466	18.10360851
YP_001214215	98.86	62.22687177	54.84185461	42.39119504	30.9077324
YP_001214415	63.83	62.04482507	53.07000324	28.84457569	84.9784806
YP_001214245	51.71	61.89587777	30.42085496	21.91104907	9.309665082
YP_001213982	30.56	61.87932807	38.68134821	22.80052938	59.80592869
YP_001213895	0.1	61.86277837	49.20247941	47.58995882	14.31572186
YP_001214470	64.8	61.76348017	51.03542909	39.25867743	38.9547686
YP_001214573	72	61.74693047	46.8929628	16.79515612	46.32603159
YP_001213898	52.47	61.62280772	34.70384739	28.24238095	22.91404672
YP_001214231	27.47	61.00219397	34.78327521	15.94434887	34.6867273
YP_001214445	96.99	60.44777903	49.72792498	64.34644189	76.34458873
YP_001214794	46.19	60.23263293	45.719875	36.03223955	88.34845488
YP_001214219	10.54	60.13333473	39.26178228	37.4023707	83.9826043
YP_001214472	136.34	59.80234073	72.87196969	39.93821829	30.29420147
YP_001214256	52.23	59.07415393	50.9621111	35.72837981	40.75090265
YP_001214222	21.83	58.86728268	46.3430779	39.43546855	45.99703674
YP_001213820	62.94	58.36251683	43.9602433	29.76720434	102.83312
YP_001214165	23.83	57.58468094	47.79721798	23.4469219	21.53582505
YP_001214491	8.63	57.40263424	31.39231829	36.75045346	3.627835104
YP_001214611	19.74	57.22886239	38.65690888	30.31967658	11.8438146
YP_001213715	64.84	56.12830734	40.36766192	30.56276436	39.48827376
YP_001213932	259.33	55.98763489	38.86464318	149.0017633	55.84909874
YP_001214414	4.56	55.15187504	28.27019399	24.14856165	5.201675332
YP_001214673	27.79	54.82088105	47.43673788	30.34730019	11.58595377
YP_001214141	812.02	54.7795068	36.59178557	131.7149069	0.088917527
YP_001214832	0.1	54.73813255	12.66568233	2.950201766	0.088917527
YP_001214097	19.27	54.20854215	38.36363693	25.44134669	20.37100545
YP_001213502	15.34	53.9189224	28.16021701	24.46899555	28.22242309
YP_001214134	52.02	53.0417883	34.31281812	30.67325881	43.52512949
YP_001214826	42.5	52.9259404	37.1661098	24.80600361	7.335695982
YP_001214591	12.87	52.4956482	48.92753695	23.83917719	4.490335116
YP_001213812	5.52	52.34670091	29.11946068	31.94394496	0.088917527
YP_001213840	35.32	52.28050211	28.08689902	7.867204709	28.06237154
YP_001213525	29.73	52.09845541	38.70578754	33.95494392	28.79149526
YP_001214225	76.2	51.86675961	34.21506081	29.24788043	37.25644383
YP_001213896	33.3	51.43646741	35.24762246	18.64593813	23.20747456
YP_001214607	28.21	51.31234466	37.33107527	11.22071121	30.04523239
YP_001213783	8.18	51.21304646	30.13369284	29.33075127	0.088917527
YP_001214838	0.1	51.04754946	23.76113776	31.20915688	10.0387888
YP_001214639	7.34	51.01445006	27.34149948	16.34765361	12.83969091
YP_001214525	71.53	50.98962551	32.46153894	27.66780982	40.19072223
YP_001213779	138.48	50.92342671	58.78269643	107.9586006	94.40373847
YP_001214458	0.1	50.79930396	14.32755671	10.90580203	10.05657231
YP_001214823	0.1	50.22006446	38.73022687	29.67328405	0.088917527
YP_001213716	42.88	49.59117587	37.04391316	26.68993395	20.35322194
YP_001214543	26.83	49.54152677	32.41266028	16.86697751	51.65219146
YP_001214423	24.69	49.41740402	25.71017426	11.45827427	0.088917527
YP_001213491	0.1	48.62301842	49.28801706	16.43052444	30.7210056
YP_001213792	0.1	48.48234597	28.62456426	48.63965608	38.30567065
YP_001214685	4.22	48.37477292	40.37377175	18.44704812	0.088917527
YP_001213632	20.66	47.94448072	31.72224923	14.68471216	75.64214026
YP_001214664	7.12	47.75415917	25.1114107	16.67361223	8.064819704
YP_001213629	19.62	47.72933462	20.48015783	24.04911664	30.63208807
YP_001213722	6.1	47.47281427	26.08898387	11.60191706	9.380799104
YP_001213527	16.41	47.43971487	45.70765534	32.23675525	22.44278383
YP_001213957	46.06	47.15009512	22.01983556	15.02172023	31.60128911
YP_001213878	71.85	47.02597238	33.95233802	25.05461612	24.05219107
YP_001213813	27.4	46.84392568	41.41244324	21.20940933	16.6009023
YP_001214338	9.46	46.62877958	33.75071355	11.62401595	52.0967791
YP_001214416	78.22	46.18193768	31.78334756	20.30887957	15.74729404
YP_001214101	22.34	46.04954008	39.39008875	30.43017102	21.25128897
YP_001214680	70.35	45.99161613	38.80354485	33.12623556	39.19484592
YP_001214371	39.82	45.92541733	33.87902003	15.80623081	31.53904684
YP_001213505	25.17	44.90761078	45.756534	24.93307223	17.51675283
YP_001213719	8.86	44.35319583	39.75056886	30.21470685	9.816494986
YP_001213927	60.58	44.34492099	28.45348896	21.72873323	0.088917527
YP_001214796	52.2	44.30354674	21.04837223	30.55171492	10.93685583
YP_001214007	33.53	44.28699704	34.60609007	17.34762836	12.43067028
YP_001213513	140.09	44.27044734	28.52069712	56.82176997	0.088917527
YP_001213788	65.1	43.88152939	43.83804666	34.64553422	42.2447171
YP_001214359	14.84	43.86497969	6.158710945	28.87219931	0.088917527
YP_001214096	15.15	43.58363479	33.2680368	13.14331461	4.837113472
YP_001214220	17.33	43.56708509	31.53895426	18.74538313	38.11894385
YP_001214244	15.15	43.42641264	14.0403946	9.662739492	0.088917527
YP_001214468	40.29	43.36021384	38.69967771	18.52991896	14.61804145
YP_001214515	82.35	43.19471684	34.68551789	28.97716903	67.26610921
YP_001214166	56.69	43.06231924	26.00955605	26.94959591	0.088917527
YP_001214795	115.02	42.67340129	47.02737911	34.08753726	33.46855718
YP_001213708	0.1	42.56582824	25.97900688	16.21506027	0.088917527
YP_001214735	24.31	41.92038994	24.7142716	27.09323869	30.48982003
YP_001214132	11.88	41.74661809	39.08459714	21.30885433	11.39922697
YP_001213487	0.1	41.73834324	42.97656031	85.41220843	21.94484568
YP_001214382	5.22	41.68041929	16.00165076	3.596594288	33.0506448
YP_001214171	50.99	41.63904505	36.48791842	38.81669964	0.088917527
YP_001213472	34.94	41.47354805	29.09502135	18.11004005	14.88479403
YP_001214625	34.59	41.365975	28.15410718	23.72315802	52.25683065
YP_001214249	53.67	41.34115045	26.93825055	24.24800665	6.953350615
YP_001213906	19.12	41.29150135	20.2479842	13.314581	11.71933007
YP_001214469	28.11	40.9191331	27.07266686	12.6737132	8.100386714
YP_001213903	55.36	40.869484	28.77120024	22.12098852	19.78414977
YP_001214092	16.01	40.8363846	49.67904632	44.52373789	70.91172782
YP_001214610	63.73	40.5219403	35.18652414	23.38062523	68.47538758
YP_001214236	55.32	40.1743966	28.57568561	24.16513581	23.011856
YP_001213966	27.88	40.13302235	33.67739557	20.0934154	34.56224276
YP_001214736	26.33	39.96752535	28.50236762	18.8116798	0.088917527
YP_001214548	0.1	39.85167745	12.08524826	6.088244094	8.562757855
YP_001214467	45.46	39.8268529	30.72023674	14.02174547	17.14329922
YP_001214526	49.11	39.6117068	36.94004601	24.52424277	31.68131489
YP_001214216	69.88	39.55378285	24.45154881	24.06016609	0.088917527
YP_001213733	29.17	39.1317655	40.89921733	19.73430844	28.70257773
YP_001214762	14.4	38.66837391	32.44320944	8.088193606	13.99561876
YP_001214022	17.35	38.62699966	25.85070041	12.98862238	6.988917626
YP_001213855	56	38.58562541	23.95054256	21.64033767	16.84987138
YP_001213500	49.72	38.56080086	33.34135479	13.33115517	25.37706222
YP_001213858	0.1	37.94846196	3.433725745	53.84946931	0.088917527
YP_001213892	0.1	37.93191226	23.01573822	18.04926811	17.9168817
YP_001214201	48.44	37.60919311	22.58804996	17.75645782	17.78350541
YP_001213838	0.1	37.55126916	27.08488653	12.33670514	10.83904655
YP_001214488	0.1	37.48507036	57.24912853	20.23153346	0.088917527
YP_001214003	15.34	37.20372546	22.42919433	8.889278355	20.58440751
YP_001213483	14	37.16235121	34.19673131	23.0767655	22.88737146
YP_001213793	0.1	36.86445661	16.37435053	14.24273437	41.27551606
YP_001214557	22.25	36.78998296	38.44917458	15.46369802	33.86868605
YP_001214221	51.18	36.69068476	29.62657676	15.35320357	18.085825
YP_001214700	10.09	36.64931051	28.24575466	15.52999469	20.97564463
YP_001214793	12.28	36.49208836	34.4227951	28.83352625	2.960953651
YP_001214086	49.26	36.30176681	28.32518248	29.91637184	47.5086347
YP_001214252	59.77	36.22729317	32.42487995	35.1096109	22.79845394
YP_001213797	15.54	36.08662072	20.72455112	26.44132145	62.36675347
YP_001213507	5.26	36.00387222	24.24381451	29.02136681	0.088917527
YP_001214620	10.15	35.92939857	25.80182175	17.51337003	18.34368583
YP_001214204	39.69	35.87974947	42.39001641	44.2309276	20.95786113
YP_001214059	30.71	35.52393092	27.52479445	29.33075127	24.95914984
YP_001213814	30.22	35.43290757	20.38240051	13.04386961	28.78260351
YP_001214706	32.54	35.36670877	37.20276879	28.97164431	34.66005204
YP_001213725	0.1	35.19293692	51.79915813	30.35282491	86.32113526
YP_001214113	24.86	34.99434052	26.79161458	19.19288565	20.09536111
YP_001214521	33.43	34.61369742	27.01156854	32.57928804	21.67809309
YP_001213699	71.92	34.58059802	31.74057873	24.46347082	27.89342824
YP_001214454	0.1	34.52267407	8.437678388	1.386705324	57.12951113
YP_001214226	17.41	34.01790822	21.74489311	6.204263264	13.6488404
YP_001214517	0.1	33.92688487	46.40417622	15.51342052	6.330927926
YP_001213881	10.94	33.64553997	27.87916473	11.76765873	12.85747441
YP_001213975	3.51	33.57934118	13.82655047	9.309157258	5.335051623
YP_001214479	0.1	33.55451663	19.80196644	6.994298569	0.088917527
YP_001213977	40	32.91735318	31.83222621	23.18725995	15.2849229
YP_001214424	29.48	32.87597893	16.78981912	10.08261839	18.41481985
YP_001214079	19.39	32.79323043	26.82827357	13.78970713	35.60257783
YP_001213547	36.65	32.66910768	33.01753368	14.24825909	2.880927876
YP_001214078	18.27	32.55325978	18.74496546	38.13163406	0.088917527
YP_001214726	0.1	32.48706098	0.061098323	11.92787568	0.088917527
YP_001214223	30.46	32.44568673	25.28859584	15.12668995	19.91752606
YP_001213624	0.1	32.42086218	28.09911869	9.126841418	17.7657219
YP_001213823	11.98	32.37121308	26.55944095	11.32015621	0.088917527
YP_001214811	12.01	32.11469273	23.61450179	16.32002999	12.30618574
YP_001214167	10.77	32.09814303	26.10120353	16.37527722	24.84355706
YP_001213973	15.35	31.81679813	22.12981254	13.22618545	4.099097997
YP_001213499	24.26	31.77542388	17.82238078	16.97194724	30.07190765
YP_001214544	0.1	31.17135983	6.403104237	13.61291601	0.088917527
YP_001213695	24.11	31.16308498	30.39641563	15.19851134	35.77152113
YP_001214545	19.42	31.02241253	20.24187437	8.71801196	38.7858253
YP_001213859	0.1	30.66659399	21.03004273	11.50247205	0.088917527
YP_001214689	38.93	30.65831914	17.52910883	9.878203666	2.783118597
YP_001214551	6.28	30.29422574	14.89577112	9.811906997	3.192139221
YP_001214474	38.84	30.26940119	27.84250573	15.1377394	10.85683005
YP_001214675	4.94	30.03770539	13.91819795	15.31453052	4.045747481
YP_001214106	3.14	29.88875809	31.09904634	20.17076151	12.4840208
YP_001213844	36.5	29.74808564	31.00128902	15.16536301	43.2228099
YP_001214040	6.34	29.72326109	16.60041432	7.270534689	9.594201169
YP_001213955	16.41	29.69016169	25.4902203	8.927951412	22.28273228
YP_001213949	6.74	29.66533714	21.63491613	5.806483251	18.07693325
YP_001214558	39.57	29.46674074	12.42739887	15.25375857	7.344587734
YP_001214663	51.17	28.92060064	16.38046036	10.53012091	8.242654758
YP_001213969	24.23	28.81302759	14.11371258	8.684863626	10.10103107
YP_001214728	5.64	28.69717969	14.79190397	10.22626118	5.566237193
YP_001213523	45.3	28.50685814	48.42042087	12.44719959	64.70528443
YP_001213473	6.84	28.49030844	25.12363036	8.458350007	5.077190795
YP_001214401	72.57	28.44893419	52.14130874	31.68428301	66.03015559
YP_001213805	0.1	28.25861264	23.5228543	10.74558508	7.886984649
YP_001213605	5.04	27.6545486	19.58812231	8.845080576	32.75721697
YP_001213986	0.1	27.59662465	20.96283458	8.85613002	0.088917527
YP_001214578	12.73	27.51387615	17.81016112	14.15986353	19.37512914
YP_001214403	0.1	27.4394025	21.13390988	20.25915707	12.88414967
YP_001214464	21.4	27.4063031	17.73684313	12.93889988	16.35193322
YP_001213871	23.34	27.36492885	23.48619531	14.23168492	5.148324816
YP_001213835	31.17	27.356654	8.462117717	29.13738598	7.16675268
YP_001213870	13.44	27.19943185	18.62276881	11.21518649	4.623711407
YP_001214111	8.48	27.05048455	17.96901676	14.56316827	0.088917527
YP_001213674	16.62	26.9098121	55.32453136	41.03211333	73.59703714
YP_001213636	10.01	26.75258995	15.56785267	2.718163425	3.165463963
YP_001213524	0.1	26.7443151	25.16639919	20.24810763	15.91623734
YP_001213979	22.77	26.6615666	19.04434724	11.99417235	17.258892
YP_001213884	39.97	26.48779475	12.44572837	15.71783525	0.088917527
YP_001214229	6.22	26.2312744	15.9344426	7.2484358	0.088917527
YP_001214836	6.24	26.1650756	15.21959223	11.15993926	0.088917527
YP_001213476	39.48	26.1319762	18.45169351	14.84492911	14.31572186
YP_001214265	0.1	25.9664792	14.92021044	4.823082662	0.088917527
YP_001213904	0.1	25.89200555	13.09337059	11.67373845	0.088917527
YP_001214014	12.27	25.6685846	16.77759946	8.353380281	1.520489713
YP_001213900	14.8	25.5858361	21.70823412	15.78413192	13.79110845
YP_001214575	13.83	25.33759061	23.54729363	6.856180509	13.6488404
YP_001213849	0.1	25.23001756	17.3335942	10.19863757	0.088917527
YP_001214243	21.4	25.10589481	20.06468923	8.999772803	1.564948476
YP_001213790	4.81	24.96522236	18.34171653	11.38092816	5.068299042
YP_001213905	25.65	24.95694751	16.77759946	7.231861632	2.880927876
YP_001213693	0.1	24.77490081	4.820657674	23.80602886	0.088917527
YP_001213495	14.14	24.75007626	19.59423214	17.06586752	40.01288717
YP_001213517	7.5	24.61767866	22.25811902	13.07701794	7.993685682
YP_001214618	25.44	24.57630441	11.44371587	26.03249199	0.088917527
YP_001214419	0.1	24.53493016	18.6960868	3.491624562	6.482087722
YP_001213809	26.33	24.50183076	15.24403156	18.79510563	17.03659818
YP_001213988	4.63	24.23703556	18.17064122	11.71793623	8.77615992
YP_001213856	32.81	24.23703556	9.24417625	2.635292589	7.353479487
YP_001214392	13.02	24.08808826	9.720743168	7.36445497	7.077835153
YP_001213894	27.64	24.04671401	22.91187108	11.40855177	59.45025859
YP_001213897	0.1	24.00533976	14.39476487	7.20423802	0.088917527
YP_001214067	16.23	23.97224036	10.03234462	1.270686154	13.34652081
YP_001214603	6.43	23.86466731	17.28471554	5.519197686	11.00798985
YP_001213623	0.1	23.86466731	13.95485694	5.723612415	0.088917527
YP_001214570	0.1	23.66607091	34.4411246	21.73425795	43.29394392
YP_001214732	0.1	23.64124636	12.70234132	9.31468198	4.819329966
YP_001214612	0.1	23.59987211	21.09114105	9.353355037	0.088917527
YP_001214501	5.21	23.27715296	24.54930613	6.894853565	14.67139196
YP_001214650	8.11	23.16130506	19.11155539	3.90045402	8.456056823
YP_001213700	0.1	23.04545716	12.93451495	2.767885927	0.088917527
YP_001214283	18.54	23.01235776	19.99748108	10.76215925	0.088917527
YP_001214178	26.06	22.87996016	25.8873594	17.4304992	35.86043866
YP_001214805	32.17	22.80548652	22.368096	39.34154827	29.23608289
YP_001214384	0.1	22.70618832	2.51114107	0.055247224	0.088917527
YP_001214065	30.48	22.61516497	12.59847418	14.12119048	11.44368573
YP_001214554	4.11	22.54069132	15.89167378	5.789909084	22.49613434
YP_001213683	8.76	22.53241647	22.11759288	15.46922274	9.060696006
YP_001213879	9.05	22.30899552	17.26638604	11.67926317	6.17976813
YP_001214486	47.19	22.18487277	17.82238078	9.502522542	28.80927876
YP_001214465	16.75	22.18487277	13.47829002	3.386654836	11.96829914
YP_001213680	13.67	22.14349852	50.82769479	20.87240126	45.64136664
YP_001214539	12.01	21.94490212	17.87736927	5.718087692	30.37422724
YP_001213824	11.2	21.61390812	18.470023	10.57431869	4.072422739
YP_001214034	6.01	21.58080872	15.555633	10.11024201	5.975257818
YP_001214631	5.37	21.56425902	19.61867147	6.76778495	8.571649608
YP_001214527	14.86	21.56425902	23.08294638	9.375453927	13.93337649
YP_001214147	13.8	21.51460992	11.74920749	4.856230997	31.79690767
YP_001213598	31.71	21.39876202	25.55742846	13.08254266	50.85193372
YP_001214083	50.34	21.37393747	15.07295625	14.55211882	8.25154651
YP_001214657	11.66	21.35738777	16.80814862	10.90027731	8.722809404
YP_001213816	7.4	21.31601352	17.48023017	10.44725007	32.44600562
YP_001214730	24.38	21.08431772	18.36615585	11.17098871	7.184536186
YP_001213518	0.1	21.08431772	9.201407424	3.933602355	0.088917527
YP_001214200	9.62	20.86089677	14.63915816	1.95022701	8.153737231
YP_001214082	0.1	20.76159857	10.86328181	2.961251211	0.088917527
YP_001214176	2.27	20.67057522	11.21154225	4.999873779	7.371262993
YP_001213937	31.66	20.45542912	30.50028278	21.15968682	0.088917527
YP_001214667	0.1	20.40578002	14.24812889	6.082719371	7.26456196
YP_001213550	20.35	20.19890877	16.25215388	9.585393378	0.088917527
YP_001213645	0.1	20.18235907	12.61069384	8.751160295	0.088917527
YP_001214640	16.66	20.09961058	16.85702728	14.28140743	4.57036089
YP_001213599	4.8	19.95066328	14.29700755	5.519197686	10.26108262
YP_001214149	39.99	19.92583873	13.55771784	13.06044377	0.088917527
YP_001214791	0.1	19.90101418	20.98727391	8.137916107	2.59639179
YP_001214686	5.45	19.89273933	13.63103583	5.060645726	6.348711431
YP_001213832	15.46	19.53692078	12.66568233	9.491473097	23.09188178
YP_001213953	16.46	19.49554653	16.70428147	5.707038248	4.410309342
YP_001214616	5.21	19.42107288	24.37823082	13.49137212	10.26997437
YP_001214036	14.25	19.33004953	17.49244984	4.005423746	0.088917527
YP_001214246	30.28	19.12317828	9.03033212	4.905953498	2.756443339
YP_001214043	10.63	18.74253518	18.04233474	5.469475184	2.836469113
YP_001214810	7.26	18.52738908	14.68803682	4.375580147	41.02654698
YP_001214643	0.1	18.47773998	12.10968759	4.535797097	0.088917527
YP_001214333	30.4	18.24604418	20.07079906	14.23720965	0.088917527
YP_001214189	9.23	18.04744778	19.29485036	8.939000856	13.70219092
YP_001213782	0.1	17.72472863	7.356238073	6.502598274	0.088917527
YP_001214024	0.1	17.60888073	10.53335086	4.67943988	0.088917527
YP_001214645	0.1	17.57578133	8.364360401	9.850580054	0.088917527
YP_001213829	0.1	17.54268193	11.03435711	2.121493405	0.088917527
YP_001214746	0.1	17.48475798	12.07913843	8.751160295	3.45000005
YP_001213723	0.1	17.44338374	3.299309435	1.878405619	3.361082523
YP_001213677	0.1	17.37718494	24.63484378	13.27590795	5.415077397
YP_001213922	0.1	17.36063524	10.78996382	16.28135694	0.088917527
YP_001213471	12.08	17.11238974	13.64936533	7.171089686	9.620876427
YP_001214817	24.47	17.07929034	10.67387701	23.68448496	11.44368573
YP_001214733	25.39	16.94689274	13.34998355	10.59089286	3.058762931
YP_001214033	4.93	16.89724364	6.690266354	10.88370314	0.088917527
YP_001213633	0.1	16.88069394	8.107747445	5.723612415	0.088917527
YP_001213768	0.1	16.74829634	8.242163755	0.055247224	29.49394372
YP_001214273	13.92	16.71519694	15.30512988	5.861730475	4.481443363
YP_001213784	6.66	16.71519694	17.41913185	8.712487238	0.088917527
YP_001214824	0.1	16.69037239	9.977356124	21.04366765	0.088917527
YP_001214230	14.86	16.58279934	14.43142386	11.35882927	0.088917527
YP_001214417	2.6	16.48350114	9.219736921	0.392255291	3.556701082
YP_001213984	7.42	16.46695144	15.7450378	6.110342983	4.846005224
YP_001213696	32.9	16.34282869	16.80814862	14.82283022	15.41829919
YP_001214753	0.1	16.30145444	15.27458072	1.911553953	0.088917527
YP_001214241	24.99	16.28490474	9.910147969	5.237436843	0.088917527
YP_001214102	8.91	16.27662989	13.36220321	5.25401101	7.344587734
YP_001214835	7.1	16.26835504	17.28471554	5.87277992	2.285180445
YP_001214217	7.42	16.20215624	11.2604209	2.928102876	15.90734559
YP_001213777	0.1	16.16078199	8.083308116	1.718188669	9.780927976
YP_001214080	19.86	16.02838439	16.94256493	8.994248081	0.088917527
YP_001214461	0.1	16.00355984	15.5739625	0.57457113	9.638659932
YP_001214490	0.1	15.87116224	11.05268661	4.182214863	5.841881527
YP_001214839	25.23	15.79668859	11.79808615	5.298208789	0.088917527
YP_001214431	7.29	15.79668859	9.812390653	2.955726488	13.31984555
YP_001214420	0.1	15.68911554	0.061098323	3.883879853	0.088917527
YP_001214258	0.1	15.63119159	7.020197298	2.740262314	0.088917527
YP_001214109	39.2	15.63119159	12.4701677	12.30908153	3.014304167
YP_001214285	2.74	15.56499279	10.27673791	6.204263264	0.088917527
YP_001214463	0.1	15.47396944	11.81030581	2.287235077	6.748840303
YP_001213972	0.1	15.37467124	9.96513646	0.055247224	25.71494882
YP_001213776	0.1	15.28364789	6.262578094	0.055247224	0.088917527
YP_001214715	0.1	15.18434969	2.975488324	4.729162381	0.088917527
YP_001214731	3.61	15.15125029	12.04858927	2.353531746	3.441108297
YP_001214238	6.58	15.03540239	9.525228535	5.237436843	2.525257768
YP_001214714	5.85	14.97747844	12.23188424	2.13254285	11.81713935
YP_001214814	0.1	14.89472994	9.580217026	15.97197248	0.088917527
YP_001213799	0.1	14.88645509	8.217724426	1.651892	5.939690807
YP_001214375	3.29	14.6547593	16.10551791	10.25388479	21.38466526
YP_001214691	44.35	14.4727126	9.268615579	7.629641646	7.175644433
YP_001214804	14.42	14.4561629	11.16877342	9.231811144	5.228350591
YP_001214179	12.13	14.41478865	10.25840841	9.292583091	15.26713939
YP_001214476	15.69	14.3899641	12.63513317	9.093693084	19.32177863
YP_001213868	22.62	14.3899641	10.35005589	13.09911683	18.47706212
YP_001213488	0.1	14.28239105	8.297152246	5.778859639	0.088917527
YP_001214579	3.93	14.26584135	10.75330482	11.44722483	2.053994875
YP_001214816	29.63	14.16654315	10.19120025	15.52999469	0.088917527
YP_001214046	0.1	14.14999345	6.30534692	13.80075658	0.088917527
YP_001214018	21.32	14.05069525	14.7980138	5.541296575	7.984793929
YP_001214588	6.64	14.0258707	9.482459709	0.055247224	0.088917527
YP_001214411	44.55	14.009321	9.024222288	31.49091773	0.088917527
YP_001214266	14.36	13.9762216	10.69831633	9.364404482	2.82757736
YP_001214690	0.1	13.96794675	10.59444919	2.585570087	1.573840229
YP_001213873	0.1	13.8934731	2.981598156	1.894979786	0.088917527
YP_001213688	0.1	13.4300815	10.4844722	9.679313659	15.38273218
YP_001213990	12.08	13.38870725	11.79197631	5.767810194	2.285180445
YP_001214743	0.1	13.28940905	5.382762245	4.182214863	0.088917527
YP_001214697	0.1	13.27285935	10.07511344	4.662865713	3.005412414
YP_001214281	16.53	13.25630965	15.23792172	7.060595238	2.952061898
YP_001214077	0.1	12.9997893	7.625070694	8.038471104	0.088917527
YP_001214576	6.68	12.99151445	9.653535013	3.994374301	2.294072198
YP_001214699	0.1	12.9666899	10.22174942	1.19334004	0.088917527
YP_001213983	7.39	12.92531565	10.05067411	3.331407612	2.916494887
YP_001214205	0.1	12.6522456	5.999855306	3.204338997	0.088917527
YP_001214437	3.81	12.57777195	9.091430443	3.883879853	14.36018062
YP_001214562	9.6	12.52812285	10.16065109	6.392103826	5.19278358
YP_001214778	0.1	12.49502345	0.061098323	14.19853659	0.088917527
YP_001213971	0.1	12.4701989	7.435665893	3.508198729	0.088917527
YP_001214185	5.27	12.4536492	6.989648136	5.314782957	9.229639308
YP_001213769	5.36	12.4536492	5.969306144	3.265110943	0.088917527
YP_001214436	13.4	12.36262585	4.350200588	1.011024201	2.391881478
YP_001214288	2.73	12.2881522	11.68810916	2.977825378	0.088917527
YP_001214493	0.1	12.1723043	4.454067737	8.30365778	0.088917527
YP_001214567	11.05	12.09783065	10.05678394	4.922527666	0.088917527
YP_001213787	0.1	12.07300611	29.44939162	16.09351638	0.088917527
YP_001214006	0.1	12.05645641	4.820657674	0.513799184	0.088917527
YP_001213834	0.1	11.98198276	13.07504109	1.458526716	5.886340291
YP_001214247	28.36	11.94060851	11.92639262	2.11044396	10.33221664
YP_001214427	11.75	11.81648576	2.877731007	4.066195692	0.088917527
YP_001213482	12.17	11.81648576	9.684084175	5.568920187	18.48595387
YP_001214502	0.1	11.51031631	10.42337388	3.596594288	3.654510362
YP_001214368	0.1	11.41101811	12.40906937	2.033097846	0.088917527
YP_001214540	51.41	11.33654446	19.88750409	85.4785051	67.5506453
YP_001213796	4.85	11.31171991	13.03227227	5.088269338	3.921262943
YP_001214110	0.1	11.27034566	8.883696145	6.458400495	0.088917527
YP_001213707	0.1	11.25379596	4.680131532	1.254111987	5.681829979
YP_001213731	8.31	11.24552111	7.362347906	0.447502515	0.088917527
YP_001213964	3.53	11.22069656	9.280835244	5.11589295	5.886340291
YP_001213504	0.1	11.19587201	7.777816501	2.618718421	0.088917527
YP_001214137	11.64	11.03864986	6.794133503	4.54132182	2.125128897
YP_001214710	0.1	10.98072591	10.11177243	3.309308723	0.088917527
YP_001214075	3.39	10.98072591	9.012002623	4.154591251	7.709149595
YP_001214103	2.34	10.96417621	12.72067082	5.740186582	4.276933051
YP_001214782	0.1	10.83177861	11.00380795	3.016498435	0.088917527
YP_001214537	10.81	10.80695406	11.32151923	7.369979693	1.040335066
YP_001213522	2.81	10.57525826	6.268687926	2.121493405	5.921907302
YP_001213644	0.1	10.51733431	7.350128241	1.392230047	3.032087672
YP_001214164	4.56	10.47596006	4.783998681	0.729263358	11.49703625
YP_001214085	10.85	10.45941036	10.83884248	0.055247224	0.088917527
YP_001214633	5.14	10.45113551	8.700401177	5.497098796	3.770103147
YP_001214722	6.38	10.43458581	9.427471219	5.546821298	10.27886613
YP_001214598	15.23	10.21943971	5.083380463	0.055247224	0.088917527
YP_001213475	2.59	10.21116486	9.80628082	6.03299687	8.224871252
YP_001214094	0.1	10.14496606	8.462117717	3.76233596	0.088917527
YP_001214337	4.95	9.987743913	11.48037487	1.917078676	1.778350541
YP_001214218	0.1	9.880170863	3.482604404	3.574495398	0.088917527
YP_001213968	21.4	9.756048114	10.77163432	4.171165418	6.642139271
YP_001213852	15.9	9.706399014	10.42948371	4.591044321	2.16958766
YP_001214452	31.13	9.607100814	5.382762245	3.513723452	0.088917527
YP_001213627	0.1	9.491252915	5.981525809	4.187739585	0.088917527
YP_001214154	0.1	9.482978065	4.985623146	1.265161431	0.088917527
YP_001214302	0.1	9.425054115	8.162735935	0.453027237	0.088917527
YP_001214133	14.89	9.334030765	7.612851029	3.364555947	2.72976808
YP_001214487	0.1	9.309206215	4.496836563	0.386730569	0.088917527
YP_001214679	2.98	9.110609816	4.405189079	2.127018127	2.792010349
YP_001214088	0.1	9.060960716	5.498849058	1.182290595	0.088917527
YP_001214311	4.36	9.052685866	6.555850044	2.11044396	0.088917527
YP_001214655	0.1	8.854089467	4.093587632	2.955726488	0.088917527
YP_001213766	0.1	8.829264917	6.354225578	2.696064535	0.088917527
YP_001213567	0.1	8.829264917	6.354225578	2.696064535	0.088917527
YP_001214287	5.44	8.779615817	7.032416962	2.635292589	9.985438288
YP_001214315	4.01	8.680317618	5.614935872	1.839732562	0.088917527
YP_001214299	0.1	8.655493068	17.98123642	5.204288509	0.088917527
YP_001214296	0.1	8.597569118	0.061098323	0.055247224	0.088917527
YP_001213628	0.1	8.514820618	7.45399539	2.690539813	1.307087648
YP_001214301	0.1	8.382423019	12.32353172	0.729263358	0.088917527
YP_001214074	0.1	8.382423019	7.301249583	6.016422703	12.71520637
YP_001214308	0.1	8.349323619	5.058941134	0.055247224	2.463015499
YP_001214081	12.05	8.332773919	16.81425845	5.806483251	0.088917527
YP_001214798	5.86	8.324499069	5.902097989	3.370080669	0.088917527
YP_001214695	0.1	8.316224219	1.698533376	4.187739585	0.088917527
YP_001214621	0.1	8.307949369	10.5028017	4.204313753	0.088917527
YP_001213831	3.39	8.225200869	5.401091742	1.187815318	8.260438263
YP_001214257	0.1	8.17555177	10.58222952	8.248410555	5.957474312
YP_001214442	7	8.15072722	6.684156522	3.18776483	2.889819629
YP_001214516	0.1	8.10935297	9.812390653	6.110342983	0.088917527
YP_001213837	0.1	8.10935297	7.845024656	0.386730569	1.333762906
YP_001213978	0.1	8.01005477	5.914317654	4.54132182	0.088917527
YP_001214070	0.1	7.96040567	2.065123313	2.950201766	0.088917527
YP_001213991	0.1	7.910756571	8.865366648	1.607694221	0.088917527
YP_001214802	0.1	7.885932021	0.061098323	0.055247224	0.088917527
YP_001213885	0.1	7.877657171	8.877586313	3.254061498	0.088917527
YP_001214073	0.1	7.654236222	0.061098323	5.668365191	0.088917527
YP_001213882	11.26	7.654236222	4.118026961	0.718213913	3.067654683
YP_001214510	0.1	7.645961372	4.582374215	4.834132107	0.088917527
YP_001214270	23.85	7.612861972	12.04858927	4.546846542	0.088917527
YP_001214380	0.1	7.596312272	7.405116732	3.071745659	2.480799005
YP_001213948	0.1	7.463914672	5.523288387	2.359056468	11.03466511
YP_001213508	17.41	7.430815272	10.70442617	4.878329886	0.088917527
YP_001214648	1.42	7.389441023	7.337908577	2.204364241	0.088917527
YP_001213944	0.1	7.356341623	3.720887863	0.055247224	0.088917527
YP_001214126	0.1	7.298417673	3.861414005	0.524848629	0.088917527
YP_001214737	0.1	7.290142823	1.105879644	0.370156401	5.228350591
YP_001214184	0.1	7.290142823	10.57000986	4.353481258	0.088917527
YP_001214538	0.1	7.273593123	6.01207497	0.055247224	0.088917527
YP_001214271	0.1	7.190844623	3.800315682	2.414303692	3.236597985
YP_001213617	0.1	7.132920673	5.645485033	0.469601405	0.088917527
YP_001214634	0.1	7.099821274	3.58036172	1.016548923	0.088917527
YP_001214253	0.1	7.017072774	7.447885558	8.800882796	0.088917527
YP_001214019	0.1	6.975698524	10.56390002	0.933678087	0.088917527
YP_001214114	0.1	6.950873974	5.79823084	0.557996963	0.088917527
YP_001213519	0.1	6.868125474	4.282992433	2.718163425	0.088917527
YP_001213514	0.1	6.868125474	6.207589603	2.673965646	0.088917527
YP_001214029	16.45	6.835026075	7.857244321	2.679490368	1.778350541
YP_001213961	0.1	6.777102125	6.134271616	2.497174529	0.088917527
YP_001213967	0.1	6.744002725	3.403176584	0.640867799	0.088917527
YP_001214413	0.1	6.669529075	4.851206836	1.613218943	0.088917527
YP_001214053	0.1	6.636429675	4.496836563	2.375630636	0.088917527
YP_001214378	3	6.586780575	7.771706669	1.298309766	14.93814454
YP_001214010	0.1	6.512306926	4.509056228	0.055247224	2.489690757
YP_001214790	0.1	6.487482376	3.305419267	0.055247224	0.088917527
YP_001214659	0.1	6.470932676	1.22807629	0.055247224	0.088917527
YP_001214724	0.1	6.462657826	1.044781321	1.889455064	0.088917527
YP_001213638	9.82	6.330260226	1.368602432	0.232038341	0.088917527
YP_001214233	20.33	6.272336277	11.35817822	25.77835476	0.088917527
YP_001214261	0.1	6.189587777	5.694363691	1.607694221	0.088917527
YP_001214752	6.6	6.123388977	8.101637612	3.16566594	0.088917527
YP_001214602	0.1	6.098564427	1.460249917	0.055247224	0.088917527
YP_001213772	0.1	5.949617128	8.993673126	7.20423802	4.988273268
YP_001213541	0.1	5.949617128	4.875646165	9.983173392	0.088917527
YP_001214694	0.1	5.933067428	5.150588618	2.005474234	0.088917527
YP_001214350	2.42	5.933067428	12.13412692	0.839757806	0.088917527
YP_001214742	3.43	5.916517728	3.989720483	1.828683117	0.088917527
YP_001213791	4.73	5.916517728	4.417408743	2.193314796	0.088917527
YP_001213604	0.1	5.858593778	2.187319959	1.386705324	0.088917527
YP_001213685	0.1	5.808944678	7.197382434	8.165539719	0.088917527
YP_001214771	19.52	5.792394978	0.061098323	0.055247224	0.088917527
YP_001213711	11.16	5.775845279	6.806353168	4.65734099	3.574484587
YP_001213845	6.84	5.751020729	6.38477474	1.602169498	0.088917527
YP_001214409	2.76	5.693096779	2.181210126	0.508274462	1.342654658
YP_001214822	0.1	5.643447679	6.995757968	1.458526716	8.77615992
YP_001213658	0.1	5.626897979	2.883840839	0.055247224	0.088917527
YP_001213735	0.1	5.577248879	7.215711931	3.513723452	0.088917527
YP_001214443	0.1	5.535874629	3.672009204	0.055247224	1.885051573
YP_001214748	0.1	5.43657643	1.802400525	0.055247224	6.811082572
YP_001214840	0.1	5.37037763	5.651594865	0.055247224	0.088917527
YP_001214234	11.31	5.31245368	9.341933567	21.36962627	0.088917527
YP_001214626	6.09	5.196605781	3.519263397	3.668415679	10.0210053
YP_001214332	8.41	5.180056081	4.643472538	0.629818355	0.088917527
YP_001214148	0.1	5.105582431	3.433725745	0.055247224	4.063530986
YP_001214379	0.1	5.089032731	0.98979283	1.038647813	0.088917527
YP_001214291	3.24	5.080757881	6.781913838	1.248587264	0.088917527
YP_001214305	0.1	5.055933331	3.225991447	0.585620575	0.088917527
YP_001214076	0.1	5.039383631	0.85537652	0.546947518	0.088917527
YP_001214032	5.97	5.031108781	4.496836563	3.994374301	0.088917527
YP_001214571	18.56	5.006284231	9.635205516	3.955701244	0.088917527
YP_001214312	0.1	4.989734531	5.260565599	2.535847585	0.088917527
YP_001214162	0.1	4.981459681	1.124209141	0.613244187	0.088917527
YP_001213484	0.1	4.981459681	1.06922065	0.77898586	0.088917527
YP_001213477	0.1	4.964909982	7.24015126	2.093869793	0.088917527
YP_001214260	8.41	4.940085432	0.898145346	0.91710392	0.088917527
YP_001214383	9.21	4.931810582	4.851206836	9.701412549	0.088917527
YP_001214293	0.1	4.857336932	6.036514299	1.569021164	0.088917527
YP_001214808	0.1	4.832512382	3.372627422	0.535898074	0.088917527
YP_001214440	0.1	4.758038732	7.038526795	4.254036254	0.088917527
YP_001213839	13.48	4.650465683	3.384847087	1.259636709	0.088917527
YP_001214170	0.1	4.418769884	3.916402496	1.149142261	0.088917527
YP_001214720	0.1	4.393945334	0.061098323	1.292785044	0.088917527
YP_001214547	20.12	4.385670484	1.753521866	16.0493186	0.088917527
YP_001214828	0.1	4.377395634	0.64153239	0.878430863	0.088917527
YP_001214116	3.14	4.352571084	3.183222621	0.607719465	0.088917527
YP_001214190	2.94	4.311196834	6.451982895	0.585620575	0.088917527
YP_001213867	0.1	4.203623784	4.276882601	0.740312803	6.153092872
YP_001214829	5.03	4.195348934	1.881828344	0.657441967	0.088917527
YP_001214592	0.1	4.145699835	8.407129227	0.392255291	4.348067073
YP_001214652	0.1	4.112600435	4.362420253	2.364581191	0.088917527
YP_001214716	0.1	4.062951335	0.061098323	0.055247224	0.088917527
YP_001214152	0.1	4.062951335	0.061098323	0.055247224	0.088917527
YP_001214123	0.1	4.005027385	3.482604404	2.104919238	0.088917527
YP_001213877	3.16	4.005027385	3.92862216	0.055247224	0.088917527
YP_001213818	4.94	3.988477685	1.92459717	3.613168455	0.088917527
YP_001213616	0.1	3.955378285	1.423590923	0.055247224	0.088917527
YP_001213883	0.1	3.947103435	1.558007233	3.386654836	0.088917527
YP_001214556	0.1	3.930553735	1.759631699	0.055247224	0.088917527
YP_001213576	4.01	3.914004035	2.908280169	0.055247224	0.088917527
YP_001214279	0.1	3.889179486	1.65576455	0.055247224	0.088917527
YP_001214404	0.1	3.814705836	4.832877339	1.596644776	0.835824754
YP_001213689	0.1	3.773331586	4.961183817	1.751337003	0.088917527
YP_001213597	0.1	3.756781886	2.468372244	0.784510582	0.088917527
YP_001214786	0.1	3.740232186	0.061098323	12.40852653	0.088917527
YP_001214187	6.29	3.731957336	9.354153231	0.861856696	15.47164971
YP_001214687	0.1	3.682308236	4.802328177	3.038597325	3.58337634
YP_001213727	0.1	3.674033386	0.329930943	0.348057512	0.088917527
YP_001214613	0.1	3.657483686	5.113929624	0.359106957	2.463015499
YP_001214747	0.1	3.583010037	3.849194341	1.414328937	0.088917527
YP_001214801	0.1	3.566460337	0.061098323	0.055247224	0.088917527
YP_001214638	0.1	3.549910637	2.553909896	3.872830408	0.088917527
YP_001214428	0.1	3.475436987	1.411371258	0.922628642	0.088917527
YP_001213618	0.1	3.467162137	2.401164089	0.055247224	0.088917527
YP_001213865	0.1	3.458887287	0.482676751	0.055247224	0.088917527
YP_001214008	0.1	3.409238187	0.922584675	0.364631679	2.560824779
YP_001213717	0.1	3.409238187	1.166977967	0.906054475	0.088917527
YP_001214644	24.86	3.384413637	5.425531071	0.055247224	0.088917527
YP_001214364	0.1	3.384413637	1.722972705	0.055247224	0.088917527
YP_001213562	0.1	3.384413637	1.857389015	2.193314796	0.088917527
YP_001214242	0.1	3.285115438	1.851279183	0.055247224	0.088917527
YP_001213705	4.39	3.285115438	3.085465305	0.375681124	4.623711407
YP_001214300	0.1	3.276840588	1.185307464	0.055247224	0.088917527
YP_001214064	0.1	3.210641788	0.061098323	0.055247224	0.088917527
YP_001214157	0.1	3.202366938	5.969306144	1.237537819	0.088917527
YP_001214713	0.1	3.160992688	4.118026961	0.055247224	2.338530961
YP_001214195	0.1	3.152717838	1.86960868	0.679540856	0.088917527
YP_001213974	0.1	3.127893288	3.971390986	0.425403625	0.088917527
YP_001214432	0.1	3.086519039	2.480591908	0.784510582	0.088917527
YP_001214199	0.1	3.086519039	0.397139099	0.055247224	2.82757736
YP_001214506	0.1	3.045144789	1.9490365	3.093844549	4.605927901
YP_001213774	0.1	3.045144789	0.5865439	0.055247224	0.088917527
YP_001214329	0.1	3.036869939	2.43171325	0.591145298	0.088917527
YP_001214586	10.58	2.995495689	2.107892139	0.557996963	0.088917527
YP_001214068	0.1	2.995495689	2.877731007	0.055247224	0.088917527
YP_001214407	11.47	2.978945989	3.219881615	0.055247224	0.088917527
YP_001214363	0.78	2.962396289	3.458165074	0.784510582	1.813917552
YP_001213702	0.1	2.945846589	0.843156856	0.055247224	0.088917527
YP_001214800	0.1	2.929296889	0.061098323	1.67399089	0.088917527
YP_001214637	0.1	2.896197489	4.838987171	2.182265351	0.088917527
YP_001214063	0.1	2.887922639	1.759631699	1.187815318	6.677706282
YP_001214550	1.98	2.863098089	2.682216374	0.055247224	2.027319617
YP_001214248	0.1	2.838273539	3.653679708	0.386730569	0.088917527
YP_001214091	0.1	2.80517414	7.356238073	0.828708361	0.088917527
YP_001214264	0.1	2.77207474	0.061098323	0.055247224	0.088917527
YP_001213681	0.1	2.76379989	1.564117065	1.823158395	0.088917527
YP_001214376	0.1	2.73070049	1.374712265	0.055247224	0.088917527
YP_001214292	0.1	2.68105139	3.696448534	0.325958622	0.088917527
YP_001214009	0.1	2.68105139	0.061098323	0.055247224	0.088917527
YP_001213718	0.1	2.56520349	6.983538304	1.740287559	0.088917527
YP_001213602	1.95	2.540378941	1.912377506	0.61876891	0.088917527
YP_001213694	0.1	2.532104091	1.160868135	0.055247224	0.088917527
YP_001214484	0.1	2.523829241	2.187319959	0.292810288	0.088917527
YP_001214286	0.1	2.523829241	5.425531071	0.055247224	0.088917527
YP_001214173	0.1	2.507279541	1.374712265	0.055247224	0.088917527
YP_001213678	0.1	2.507279541	4.625143041	0.994450033	0.088917527
YP_001213643	0.1	2.465905291	4.606813544	0.055247224	0.088917527
YP_001214455	0.1	2.441080741	8.730950338	3.508198729	0.088917527
YP_001213778	0.1	2.391431641	3.849194341	0.513799184	0.088917527
YP_001213780	0.1	2.333507691	2.93882933	1.182290595	1.440463938
YP_001214056	0.1	2.250759192	2.107892139	0.662966689	0.088917527
YP_001214741	0.1	2.192835242	1.973475829	2.414303692	1.120360841
YP_001213710	0.1	2.192835242	2.492811573	0.055247224	0.088917527
YP_001214044	0.1	2.118361592	0.061098323	0.055247224	0.088917527
YP_001214531	0.1	2.093537042	0.061098323	0.055247224	0.088917527
YP_001214750	0.1	2.085262192	1.92459717	0.055247224	0.088917527
YP_001214779	0.1	1.952864593	3.042696479	1.464051438	0.088917527
YP_001214402	2.1	1.936314893	1.118099309	1.287260321	0.088917527
YP_001213652	0.87	1.919765193	2.474482076	0.055247224	0.622422689
YP_001214632	0.1	1.911490343	1.399151594	0.055247224	0.088917527
YP_001214066	0.1	1.853566393	1.038671489	0.055247224	0.088917527
YP_001214841	0.1	1.845291543	2.847181846	0.541422796	0.088917527
YP_001214374	0.1	1.845291543	0.061098323	0.055247224	0.088917527
YP_001213566	0.1	1.812192143	0.061098323	0.055247224	0.088917527
YP_001213970	0.1	1.803917293	1.435810587	0.055247224	0.088917527
YP_001214280	0.1	1.745993344	3.775876353	1.309359211	0.088917527
YP_001213659	0.1	1.679794544	2.395054256	0.204414729	1.173711357
YP_001214471	0.1	1.671519694	1.826839854	0.055247224	0.088917527
YP_001214528	0.1	1.654969994	1.118099309	0.839757806	0.088917527
YP_001214522	0.1	1.646695144	3.439835578	0.055247224	0.088917527
YP_001213846	0.1	1.580496344	2.932719498	0.055247224	0.088917527
YP_001214172	0.1	1.489472994	0.494896415	1.03312309	0.088917527
YP_001214168	0.1	1.448098745	0.684301216	0.055247224	0.088917527
YP_001213701	0.1	1.448098745	1.558007233	0.055247224	2.569716532
YP_001213851	0.1	1.398449645	0.061098323	0.055247224	0.088917527
YP_001214052	0.1	1.390174795	0.061098323	0.055247224	0.088917527
YP_001213775	0.1	1.373625095	1.735192369	0.055247224	0.088917527
YP_001214670	0.1	1.357075395	0.751509371	0.055247224	0.088917527
YP_001214045	0.1	1.323975995	0.061098323	0.055247224	0.088917527
YP_001214180	0.1	1.307426295	0.061098323	0.055247224	0.088917527
YP_001214049	0.1	1.299151445	0.317711279	0.055247224	0.088917527
YP_001213489	0.1	1.290876595	0.061098323	1.149142261	0.088917527
YP_001213520	0.1	1.274326895	1.130318973	1.983375345	0.088917527
YP_001213642	3.6	1.249502345	4.136356458	1.580070609	0.088917527
YP_001214658	0.1	1.241227495	0.061098323	0.055247224	0.088917527
YP_001214352	0.1	1.241227495	0.061098323	0.055247224	0.088917527
YP_001214016	0.1	1.224677795	0.061098323	0.055247224	0.088917527
YP_001213650	0.1	1.216402945	0.965353501	0.055247224	0.088917527
YP_001214441	0.1	1.158478996	0.818717526	1.524823385	0.088917527
YP_001213690	0.1	1.125379596	0.061098323	0.055247224	0.088917527
YP_001214269	0.1	1.108829896	2.944939162	0.055247224	0.088917527
YP_001214763	0.1	1.092280196	4.955073985	0.055247224	0.088917527
YP_001214406	0.1	1.075730496	0.904255178	0.055247224	0.088917527
YP_001213528	0.1	1.075730496	0.061098323	0.055247224	0.088917527
YP_001213976	0.1	1.067455646	0.061098323	0.055247224	0.088917527
YP_001214505	0.1	1.042631096	1.111989476	0.45855196	0.088917527
YP_001214313	0.1	1.017806546	1.875718512	0.055247224	0.088917527
YP_001214624	2.18	0.992981996	2.694436039	0.580095853	2.783118597
YP_001214303	0.1	0.992981996	1.680203879	0.226513619	0.088917527
YP_001213516	0.1	0.992981996	0.061098323	0.055247224	0.088917527
YP_001214298	0.1	0.984707146	0.232173627	0.055247224	0.088917527
YP_001213651	0.1	0.877134097	1.307504109	0.149167505	0.088917527
YP_001213649	2.04	0.835759847	0.574324235	0.055247224	0.088917527
YP_001213621	0.1	0.819210147	0.837047023	0.055247224	0.088917527
YP_001213563	0.1	0.819210147	1.075330482	0.055247224	0.088917527
YP_001213726	0.1	0.794385597	0.360480105	0.629818355	0.088917527
YP_001214565	0.1	0.786110747	0.061098323	0.055247224	2.240721682
YP_001214767	0.1	0.769561047	3.916402496	0.055247224	0.088917527
YP_001214738	0.1	0.753011347	2.016244655	0.055247224	0.088917527
YP_001214496	0.1	0.744736497	0.061098323	0.055247224	0.088917527
YP_001213626	0.1	0.744736497	0.061098323	0.055247224	0.088917527
YP_001213767	0.1	0.728186797	0.061098323	0.055247224	0.088917527
YP_001213635	0.1	0.728186797	1.832949686	0.055247224	0.088917527
YP_001213543	0.1	0.695087397	0.061098323	1.149142261	0.088917527
YP_001214048	0.1	0.686812547	0.061098323	0.055247224	0.088917527
YP_001213647	0.1	0.678537697	0.543775074	0.055247224	0.088917527
YP_001214837	0.1	0.661987998	2.663886877	0.055247224	0.088917527
YP_001214495	0.1	0.661987998	0.782058533	0.055247224	0.088917527
YP_001214688	0.1	0.653713148	0.665971719	0.055247224	1.698324767
YP_001213751	0.1	0.653713148	1.264735283	0.055247224	0.088917527
YP_001214237	0.1	0.620613748	0.061098323	0.055247224	0.088917527
YP_001214580	0.1	0.587514348	0.061098323	0.055247224	0.088917527
YP_001213860	0.1	0.579239498	0.061098323	0.055247224	0.088917527
YP_001213760	0.1	0.579239498	0.061098323	0.607719465	0.088917527
YP_001213721	0.1	0.562689798	0.061098323	0.055247224	0.088917527
YP_001214614	0.1	0.546140098	0.782058533	2.375630636	0.088917527
YP_001214397	0.1	0.488216148	2.896060504	0.999974756	0.088917527
YP_001213620	0.1	0.488216148	0.061098323	0.055247224	0.088917527
YP_001213601	0.1	0.455116748	3.048806311	0.657441967	5.459536161
YP_001213863	0.1	0.446841898	0.061098323	0.055247224	0.088917527
YP_001214772	0.1	0.430292198	0.281052285	0.055247224	0.088917527
YP_001213660	0.1	0.422017348	0.93480434	0.055247224	0.088917527
YP_001213529	0.4	0.380643099	1.57633673	0.055247224	0.764690733
YP_001213485	0.1	0.355818549	0.439907925	0.055247224	0.088917527
YP_001214647	0.1	0.322719149	0.061098323	0.055247224	0.088917527
YP_001214139	0.1	0.322719149	1.454140084	0.055247224	0.088917527
YP_001214827	0.1	0.314444299	0.543775074	0.3204339	0.088917527
YP_001213588	0.1	0.314444299	0.287162117	0.055247224	0.088917527
YP_001213679	0.1	0.281344899	1.032561656	0.055247224	1.64497425
YP_001213801	0.1	0.273070049	0.061098323	0.055247224	0.088917527
YP_001213544	0.1	0.273070049	0.342150608	0.055247224	0.088917527
YP_001214788	0.1	0.0827485	1.490799078	0.055247224	0.088917527
YP_001214759	6.78	0.0827485	7.02630713	7.585443866	0.088917527
YP_001214757	0.1	0.0827485	0.061098323	1.734762836	0.088917527
YP_001214729	0.1	0.0827485	0.904255178	0.055247224	0.088917527
YP_001214676	0.1	0.0827485	1.863498848	0.055247224	0.088917527
YP_001214630	0.1	0.0827485	0.061098323	0.055247224	10.26108262
YP_001214623	0.1	0.0827485	3.061025976	0.055247224	0.088917527
YP_001214615	0.1	0.0827485	4.386859582	1.237537819	3.645618609
YP_001214595	0.1	0.0827485	4.619033209	0.055247224	0.088917527
YP_001214587	0.1	0.0827485	1.448030252	0.055247224	0.088917527
YP_001214574	0.1	0.0827485	0.061098323	4.265085699	0.088917527
YP_001214446	0.1	0.0827485	0.061098323	0.055247224	1.147036099
YP_001214367	0.1	0.0827485	0.763729036	0.055247224	0.088917527
YP_001214351	0.1	0.0827485	0.421578428	0.055247224	0.088917527
YP_001214340	0.1	0.0827485	0.623202893	0.055247224	0.088917527
YP_001214335	0.1	0.0827485	0.061098323	4.530272375	0.088917527
YP_001214294	4.99	0.0827485	0.061098323	0.055247224	0.088917527
YP_001214282	0.1	0.0827485	5.767681679	0.055247224	0.088917527
YP_001214263	0.1	0.0827485	0.061098323	2.84523204	0.088917527
YP_001214251	0.1	0.0827485	0.195514633	0.055247224	0.088917527
YP_001214250	0.1	0.0827485	0.061098323	1.734762836	0.088917527
YP_001214087	0.1	0.0827485	0.415468596	0.055247224	0.088917527
YP_001214030	0.1	0.0827485	0.568214403	0.055247224	0.088917527
YP_001213958	0.1	0.0827485	0.439907925	0.055247224	0.088917527
YP_001213830	0.1	0.0827485	0.061098323	10.08814312	0.088917527
YP_001213753	0.1	0.0827485	0.061098323	1.734762836	0.088917527
YP_001213741	0.1	0.0827485	0.061098323	0.712689191	0.088917527
YP_001213737	0.1	0.0827485	0.061098323	1.734762836	0.088917527
YP_001213712	0.1	0.0827485	0.794278197	0.055247224	1.751675283
YP_001213709	0.1	0.0827485	2.040683984	0.055247224	0.088917527
YP_001213687	0.1	0.0827485	0.684301216	0.055247224	0.088917527
YP_001213675	0.1	0.0827485	0.061098323	1.911553953	0.088917527
YP_001213668	0.1	0.0827485	0.604873396	0.055247224	0.088917527
YP_001213656	0.1	0.0827485	0.323821111	0.055247224	0.088917527
YP_001213648	0.1	0.0827485	0.464347254	0.055247224	0.088917527
YP_001213603	0.1	0.0827485	0.061098323	1.320408656	0.088917527
YP_001213592	0.1	0.0827485	0.439907925	0.055247224	0.088917527
YP_001213585	0.1	0.0827485	0.061098323	1.734762836	0.088917527
YP_001213559	0.1	0.0827485	1.356382768	0.055247224	0.088917527
YP_001213549	0.1	0.0827485	2.016244655	0.055247224	0.088917527
YP_001213533	0.1	0.0827485	7.643400191	0.911579197	7.931443413
YP_001213511	0.1	0.0827485	1.386931929	0.055247224	0.088917527
YP_001213510	0.1	0.0827485	1.044781321	0.89500503	0.088917527
YP_001213490	0.1	0.0827485	0.061098323	0.569046408	0.088917527
YP_001214834	0	0	0	0	0
YP_001214825	0	0	0	0	0
YP_001214821	0	0	0	0	0
YP_001214819	0	0	0	0	0
YP_001214813	0	0	0	0	0
YP_001214812	0	0	0	0	0
YP_001214806	0	0	0	0	0
YP_001214803	0	0	0	0	0
YP_001214799	0	0	0	0	0
YP_001214792	0	0	0	0	0
YP_001214787	0	0	0	0	0
YP_001214784	0	0	0	0	0
YP_001214783	0	0	0	0	0
YP_001214781	0	0	0	0	0
YP_001214780	0	0	0	0	0
YP_001214777	0	0	0	0	0
YP_001214776	0	0	0	0	0
YP_001214775	0	0	0	0	0
YP_001214774	0	0	0	0	0
YP_001214773	0	0	0	0	0
YP_001214770	0	0	0	0	0
YP_001214769	0	0	0	0	0
YP_001214768	0	0	0	0	0
YP_001214766	0	0	0	0	0
YP_001214765	0	0	0	0	0
YP_001214764	0	0	0	0	0
YP_001214761	0	0	0	0	0
YP_001214758	0	0	0	0	0
YP_001214756	0	0	0	0	0
YP_001214755	0	0	0	0	0
YP_001214754	0	0	0	0	0
YP_001214751	0	0	0	0	0
YP_001214749	0	0	0	0	0
YP_001214745	0	0	0	0	0
YP_001214744	0	0	0	0	0
YP_001214740	0	0	0	0	0
YP_001214739	0	0	0	0	0
YP_001214727	0	0	0	0	0
YP_001214725	0	0	0	0	0
YP_001214723	0	0	0	0	0
YP_001214721	0	0	0	0	0
YP_001214719	0	0	0	0	0
YP_001214718	0	0	0	0	0
YP_001214709	0	0	0	0	0
YP_001214708	0	0	0	0	0
YP_001214705	0	0	0	0	0
YP_001214704	0	0	0	0	0
YP_001214703	0	0	0	0	0
YP_001214702	0	0	0	0	0
YP_001214701	0	0	0	0	0
YP_001214684	0	0	0	0	0
YP_001214681	0	0	0	0	0
YP_001214678	0	0	0	0	0
YP_001214669	0	0	0	0	0
YP_001214662	0	0	0	0	0
YP_001214656	0	0	0	0	0
YP_001214654	0	0	0	0	0
YP_001214653	0	0	0	0	0
YP_001214651	0	0	0	0	0
YP_001214646	0	0	0	0	0
YP_001214642	0	0	0	0	0
YP_001214636	0	0	0	0	0
YP_001214635	0	0	0	0	0
YP_001214629	0	0	0	0	0
YP_001214622	0	0	0	0	0
YP_001214617	0	0	0	0	0
YP_001214608	0	0	0	0	0
YP_001214606	0	0	0	0	0
YP_001214605	0	0	0	0	0
YP_001214604	0	0	0	0	0
YP_001214601	0	0	0	0	0
YP_001214600	0	0	0	0	0
YP_001214596	0	0	0	0	0
YP_001214590	0	0	0	0	0
YP_001214589	0	0	0	0	0
YP_001214585	0	0	0	0	0
YP_001214584	0	0	0	0	0
YP_001214582	0	0	0	0	0
YP_001214581	0	0	0	0	0
YP_001214577	0	0	0	0	0
YP_001214568	0	0	0	0	0
YP_001214563	0	0	0	0	0
YP_001214561	0	0	0	0	0
YP_001214560	0	0	0	0	0
YP_001214559	0	0	0	0	0
YP_001214555	0	0	0	0	0
YP_001214553	0	0	0	0	0
YP_001214552	0	0	0	0	0
YP_001214542	0	0	0	0	0
YP_001214523	0	0	0	0	0
YP_001214520	0	0	0	0	0
YP_001214519	0	0	0	0	0
YP_001214518	0	0	0	0	0
YP_001214514	0	0	0	0	0
YP_001214513	0	0	0	0	0
YP_001214512	0	0	0	0	0
YP_001214509	0	0	0	0	0
YP_001214508	0	0	0	0	0
YP_001214507	0	0	0	0	0
YP_001214504	0	0	0	0	0
YP_001214500	0	0	0	0	0
YP_001214499	0	0	0	0	0
YP_001214498	0	0	0	0	0
YP_001214497	0	0	0	0	0
YP_001214489	0	0	0	0	0
YP_001214482	0	0	0	0	0
YP_001214481	0	0	0	0	0
YP_001214453	0	0	0	0	0
YP_001214451	0	0	0	0	0
YP_001214450	0	0	0	0	0
YP_001214449	0	0	0	0	0
YP_001214448	0	0	0	0	0
YP_001214447	0	0	0	0	0
YP_001214444	0	0	0	0	0
YP_001214439	0	0	0	0	0
YP_001214438	0	0	0	0	0
YP_001214435	0	0	0	0	0
YP_001214434	0	0	0	0	0
YP_001214433	0	0	0	0	0
YP_001214430	0	0	0	0	0
YP_001214429	0	0	0	0	0
YP_001214425	0	0	0	0	0
YP_001214421	0	0	0	0	0
YP_001214412	0	0	0	0	0
YP_001214408	0	0	0	0	0
YP_001214405	0	0	0	0	0
YP_001214400	0	0	0	0	0
YP_001214399	0	0	0	0	0
YP_001214398	0	0	0	0	0
YP_001214393	0	0	0	0	0
YP_001214372	0	0	0	0	0
YP_001214370	0	0	0	0	0
YP_001214366	0	0	0	0	0
YP_001214365	0	0	0	0	0
YP_001214358	0	0	0	0	0
YP_001214357	0	0	0	0	0
YP_001214356	0	0	0	0	0
YP_001214354	0	0	0	0	0
YP_001214353	0	0	0	0	0
YP_001214347	0	0	0	0	0
YP_001214346	0	0	0	0	0
YP_001214339	0	0	0	0	0
YP_001214331	0	0	0	0	0
YP_001214328	0	0	0	0	0
YP_001214326	0	0	0	0	0
YP_001214325	0	0	0	0	0
YP_001214319	0	0	0	0	0
YP_001214318	0	0	0	0	0
YP_001214317	0	0	0	0	0
YP_001214316	0	0	0	0	0
YP_001214310	0	0	0	0	0
YP_001214306	0	0	0	0	0
YP_001214304	0	0	0	0	0
YP_001214297	0	0	0	0	0
YP_001214295	0	0	0	0	0
YP_001214290	0	0	0	0	0
YP_001214289	0	0	0	0	0
YP_001214284	0	0	0	0	0
YP_001214278	0	0	0	0	0
YP_001214277	0	0	0	0	0
YP_001214276	0	0	0	0	0
YP_001214275	0	0	0	0	0
YP_001214274	0	0	0	0	0
YP_001214272	0	0	0	0	0
YP_001214268	0	0	0	0	0
YP_001214262	0	0	0	0	0
YP_001214255	0	0	0	0	0
YP_001214254	0	0	0	0	0
YP_001214240	0	0	0	0	0
YP_001214239	0	0	0	0	0
YP_001214235	0	0	0	0	0
YP_001214232	0	0	0	0	0
YP_001214227	0	0	0	0	0
YP_001214210	0	0	0	0	0
YP_001214203	0	0	0	0	0
YP_001214196	0	0	0	0	0
YP_001214194	0	0	0	0	0
YP_001214193	0	0	0	0	0
YP_001214192	0	0	0	0	0
YP_001214191	0	0	0	0	0
YP_001214188	0	0	0	0	0
YP_001214186	0	0	0	0	0
YP_001214183	0	0	0	0	0
YP_001214174	0	0	0	0	0
YP_001214169	0	0	0	0	0
YP_001214161	0	0	0	0	0
YP_001214160	0	0	0	0	0
YP_001214159	0	0	0	0	0
YP_001214156	0	0	0	0	0
YP_001214155	0	0	0	0	0
YP_001214153	0	0	0	0	0
YP_001214151	0	0	0	0	0
YP_001214150	0	0	0	0	0
YP_001214146	0	0	0	0	0
YP_001214138	0	0	0	0	0
YP_001214130	0	0	0	0	0
YP_001214125	0	0	0	0	0
YP_001214118	0	0	0	0	0
YP_001214117	0	0	0	0	0
YP_001214105	0	0	0	0	0
YP_001214104	0	0	0	0	0
YP_001214090	0	0	0	0	0
YP_001214084	0	0	0	0	0
YP_001214069	0	0	0	0	0
YP_001214062	0	0	0	0	0
YP_001214061	0	0	0	0	0
YP_001214057	0	0	0	0	0
YP_001214055	0	0	0	0	0
YP_001214054	0	0	0	0	0
YP_001214047	0	0	0	0	0
YP_001214025	0	0	0	0	0
YP_001214023	0	0	0	0	0
YP_001214017	0	0	0	0	0
YP_001214015	0	0	0	0	0
YP_001214012	0	0	0	0	0
YP_001214011	0	0	0	0	0
YP_001213996	0	0	0	0	0
YP_001213995	0	0	0	0	0
YP_001213994	0	0	0	0	0
YP_001213987	0	0	0	0	0
YP_001213962	0	0	0	0	0
YP_001213960	0	0	0	0	0
YP_001213954	0	0	0	0	0
YP_001213950	0	0	0	0	0
YP_001213947	0	0	0	0	0
YP_001213938	0	0	0	0	0
YP_001213934	0	0	0	0	0
YP_001213909	0	0	0	0	0
YP_001213899	0	0	0	0	0
YP_001213886	0	0	0	0	0
YP_001213880	0	0	0	0	0
YP_001213866	0	0	0	0	0
YP_001213864	0	0	0	0	0
YP_001213853	0	0	0	0	0
YP_001213850	0	0	0	0	0
YP_001213847	0	0	0	0	0
YP_001213843	0	0	0	0	0
YP_001213817	0	0	0	0	0
YP_001213815	0	0	0	0	0
YP_001213808	0	0	0	0	0
YP_001213807	0	0	0	0	0
YP_001213806	0	0	0	0	0
YP_001213804	0	0	0	0	0
YP_001213803	0	0	0	0	0
YP_001213802	0	0	0	0	0
YP_001213800	0	0	0	0	0
YP_001213795	0	0	0	0	0
YP_001213789	0	0	0	0	0
YP_001213773	0	0	0	0	0
YP_001213765	0	0	0	0	0
YP_001213764	0	0	0	0	0
YP_001213763	0	0	0	0	0
YP_001213762	0	0	0	0	0
YP_001213761	0	0	0	0	0
YP_001213759	0	0	0	0	0
YP_001213758	0	0	0	0	0
YP_001213757	0	0	0	0	0
YP_001213756	0	0	0	0	0
YP_001213755	0	0	0	0	0
YP_001213754	0	0	0	0	0
YP_001213752	0	0	0	0	0
YP_001213750	0	0	0	0	0
YP_001213749	0	0	0	0	0
YP_001213748	0	0	0	0	0
YP_001213747	0	0	0	0	0
YP_001213746	0	0	0	0	0
YP_001213745	0	0	0	0	0
YP_001213744	0	0	0	0	0
YP_001213743	0	0	0	0	0
YP_001213742	0	0	0	0	0
YP_001213740	0	0	0	0	0
YP_001213739	0	0	0	0	0
YP_001213738	0	0	0	0	0
YP_001213734	0	0	0	0	0
YP_001213732	0	0	0	0	0
YP_001213729	0	0	0	0	0
YP_001213720	0	0	0	0	0
YP_001213714	0	0	0	0	0
YP_001213706	0	0	0	0	0
YP_001213704	0	0	0	0	0
YP_001213703	0	0	0	0	0
YP_001213698	0	0	0	0	0
YP_001213697	0	0	0	0	0
YP_001213686	0	0	0	0	0
YP_001213684	0	0	0	0	0
YP_001213682	0	0	0	0	0
YP_001213676	0	0	0	0	0
YP_001213673	0	0	0	0	0
YP_001213672	0	0	0	0	0
YP_001213671	0	0	0	0	0
YP_001213670	0	0	0	0	0
YP_001213669	0	0	0	0	0
YP_001213667	0	0	0	0	0
YP_001213666	0	0	0	0	0
YP_001213665	0	0	0	0	0
YP_001213664	0	0	0	0	0
YP_001213663	0	0	0	0	0
YP_001213662	0	0	0	0	0
YP_001213661	0	0	0	0	0
YP_001213657	0	0	0	0	0
YP_001213655	0	0	0	0	0
YP_001213654	0	0	0	0	0
YP_001213653	0	0	0	0	0
YP_001213646	0	0	0	0	0
YP_001213641	0	0	0	0	0
YP_001213640	0	0	0	0	0
YP_001213639	0	0	0	0	0
YP_001213637	0	0	0	0	0
YP_001213631	0	0	0	0	0
YP_001213630	0	0	0	0	0
YP_001213625	0	0	0	0	0
YP_001213622	0	0	0	0	0
YP_001213619	0	0	0	0	0
YP_001213615	0	0	0	0	0
YP_001213614	0	0	0	0	0
YP_001213613	0	0	0	0	0
YP_001213612	0	0	0	0	0
YP_001213611	0	0	0	0	0
YP_001213610	0	0	0	0	0
YP_001213609	0	0	0	0	0
YP_001213608	0	0	0	0	0
YP_001213607	0	0	0	0	0
YP_001213606	0	0	0	0	0
YP_001213600	0	0	0	0	0
YP_001213596	0	0	0	0	0
YP_001213595	0	0	0	0	0
YP_001213594	0	0	0	0	0
YP_001213593	0	0	0	0	0
YP_001213591	0	0	0	0	0
YP_001213590	0	0	0	0	0
YP_001213589	0	0	0	0	0
YP_001213587	0	0	0	0	0
YP_001213586	0	0	0	0	0
YP_001213584	0	0	0	0	0
YP_001213583	0	0	0	0	0
YP_001213582	0	0	0	0	0
YP_001213581	0	0	0	0	0
YP_001213580	0	0	0	0	0
YP_001213579	0	0	0	0	0
YP_001213578	0	0	0	0	0
YP_001213577	0	0	0	0	0
YP_001213575	0	0	0	0	0
YP_001213574	0	0	0	0	0
YP_001213573	0	0	0	0	0
YP_001213572	0	0	0	0	0
YP_001213571	0	0	0	0	0
YP_001213570	0	0	0	0	0
YP_001213569	0	0	0	0	0
YP_001213568	0	0	0	0	0
YP_001213565	0	0	0	0	0
YP_001213564	0	0	0	0	0
YP_001213560	0	0	0	0	0
YP_001213558	0	0	0	0	0
YP_001213557	0	0	0	0	0
YP_001213556	0	0	0	0	0
YP_001213555	0	0	0	0	0
YP_001213554	0	0	0	0	0
YP_001213553	0	0	0	0	0
YP_001213552	0	0	0	0	0
YP_001213551	0	0	0	0	0
YP_001213548	0	0	0	0	0
YP_001213546	0	0	0	0	0
YP_001213545	0	0	0	0	0
YP_001213542	0	0	0	0	0
YP_001213540	0	0	0	0	0
YP_001213539	0	0	0	0	0
YP_001213538	0	0	0	0	0
YP_001213537	0	0	0	0	0
YP_001213536	0	0	0	0	0
YP_001213535	0	0	0	0	0
YP_001213534	0	0	0	0	0
YP_001213532	0	0	0	0	0
YP_001213531	0	0	0	0	0
YP_001213530	0	0	0	0	0
YP_001213526	0	0	0	0	0
YP_001213515	0	0	0	0	0
YP_001213509	0	0	0	0	0
YP_001213506	0	0	0	0	0
YP_001213501	0	0	0	0	0
YP_001213498	0	0	0	0	0
YP_001213494	0	0	0	0	0
YP_001213493	0	0	0	0	0
YP_001213492	0	0	0	0	0
YP_001213486	0	0	0	0	0
YP_001213481	0	0	0	0	0
YP_001213480	0	0	0	0	0
YP_001213478	0	0	0	0	0
643676385	0	0	0	0	0
643676384	0	0	0	0	0
643676383	0	0	0	0	0
643676382	0	0	0	0	0
643676381	0	0	0	0	0
643676380	0	0	0	0	0
643676379	0	0	0	0	0
640725163	0	0	0	0	0
640725162	0	0	0	0	0
640725161	0	0	0	0	0
640725160	0	0	0	0	0
640725159	0	0	0	0	0
640725158	0	0	0	0	0
640725157	0	0	0	0	0
640725156	0	0	0	0	0
640725155	0	0	0	0	0
640725154	0	0	0	0	0
640725153	0	0	0	0	0
640725152	0	0	0	0	0
640725151	0	0	0	0	0
640725150	0	0	0	0	0
640530317	0	0	0	0	0
640530306	0	0	0	0	0
640530266	0	0	0	0	0
640530241	0	0	0	0	0
640530231	0	0	0	0	0
640530203	0	0	0	0	0
640530202	0	0	0	0	0
640530201	0	0	0	0	0
640530177	0	0	0	0	0
640530175	0	0	0	0	0
640530174	0	0	0	0	0
640530173	0	0	0	0	0
640530172	0	0	0	0	0
640530123	0	0	0	0	0
640530049	0	0	0	0	0
640529919	0	0	0	0	0
640529853	0	0	0	0	0
640529832	0	0	0	0	0
640529831	0	0	0	0	0
640529826	0	0	0	0	0
640529809	0	0	0	0	0
640529808	0	0	0	0	0
640529807	0	0	0	0	0
640529767	0	0	0	0	0
640529766	0	0	0	0	0
640529708	0	0	0	0	0
640529687	0	0	0	0	0
640529645	0	0	0	0	0
640529644	0	0	0	0	0
640529643	0	0	0	0	0
640529642	0	0	0	0	0
640529598	0	0	0	0	0
640529593	0	0	0	0	0
640529585	0	0	0	0	0
640529573	0	0	0	0	0
640529571	0	0	0	0	0
640529568	0	0	0	0	0
640529561	0	0	0	0	0
640529558	0	0	0	0	0
640529557	0	0	0	0	0
640529450	0	0	0	0	0
640529301	0	0	0	0	0
640529264	0	0	0	0	0
640529242	0	0	0	0	0
640529118	0	0	0	0	0
640528959	0	0	0	0	0