ECB_04013	1157.5	1413.5	2151	2021	1893.5
ECB_03191	989.5	1090.5	1240	1083.5	1012.5
ECB_01748	964.5	1003.5	1067.5	1095.5	1241.5
ECB_03708	741.5	792.5	1024	909.5	911
ECB_00014	663.5	887.5	1068	1139.5	1089
ECB_00550	276	238.5	1239	1592	1707.5
ECB_02624	839	762	938.5	806	849.5
ECB_02314	558	783.5	993	937	990
ECB_03864	708.5	810	895	881	863
ECB_03154	692.5	756	794.5	586	534
ECB_03863	550.5	564.5	690.5	664	628
ECB_00387	457	587	640.5	614	618
ECB_03616	458	622	749	590.5	641.5
ECB_00168	458	617	831	447	356
ECB_03862	429	529	532	565.5	506.5
ECB_01091	432.5	533	595	537	558.5
ECB_00915	552.5	564	566.5	506.5	423
ECB_02449	462.5	530.5	528	538.5	491.5
ECB_02757	516	439.5	476	498.5	543
ECB_00113	484	476	495	485	541.5
ECB_00961	293.5	312.5	444	610.5	677
ECB_03077	532.5	571	497	368.5	348
ECB_03637	187	234.5	299.5	660	663
ECB_03395	424.5	368	401	405.5	442.5
ECB_02443	352.5	434	452	402	438
ECB_03841	429.5	474.5	405	412.5	421
ECB_03648	322.5	447.5	470	364.5	392
ECB_04157	202	255	518.5	484.5	526
ECB_03147	326	377	494	411	175
ECB_02772	343.5	385.5	407	354.5	324.5
ECB_03309	222	419	405.5	428	482.5
ECB_00907	304.5	321.5	355.5	422.5	458
ECB_00004	324	415.5	511	432.5	322.5
ECB_02316	326	392.5	402.5	400	362
ECB_03755	495	328	317	308.5	371.5
ECB_03618	325.5	403.5	437.5	347	355
ECB_02084	129.5	35.5	600	630.5	699
ECB_00196	253.5	332.5	419	363.5	451
ECB_03860	244	362	515.5	365	311.5
ECB_00115	317.5	356	396.5	404.5	419
ECB_03159	290	344	405	282	252.5
ECB_02547	332	428.5	344	334.5	352.5
ECB_03269	276.5	329.5	357	314.5	423.5
ECB_01134	279	316.5	366.5	333.5	338.5
ECB_01215	412.5	293.5	273	369.5	406
ECB_03146	339	435	362.5	307	324
ECB_02765	330	364	303.5	301.5	356.5
ECB_01730	313.5	339.5	375	334.5	344.5
ECB_00167	369.5	362.5	307.5	237	184.5
ECB_00383	408	482	262	332	362
ECB_01020	177	276.5	443	431	411.5
ECB_03652	290	334	363.5	310.5	327
ECB_04070	402.5	441	423.5	280	212.5
ECB_00002	287.5	312	362.5	320.5	314
ECB_03096	218.5	274.5	319	352.5	382
ECB_00037	320	326	325.5	320	289
ECB_03035	348	343.5	297.5	309	268.5
ECB_02756	287.5	284.5	303	308.5	334
ECB_00424	279.5	323	304.5	317.5	320
ECB_02482	277	241.5	294.5	321.5	364.5
ECB_00117	323	334.5	325.5	261	243.5
ECB_00030	284.5	317	277.5	285	282.5
ECB_00076	322.5	334.5	334.5	234.5	207.5
ECB_00114	269	271.5	282.5	293.5	287
ECB_00193	283.5	315	281.5	293.5	286
ECB_02744	336.5	208	291	302	244
ECB_03031	261	284	287	275.5	292.5
ECB_00099	265.5	276	339	309	306
ECB_01182	228	254	324	290	297
ECB_00574	362.5	238.5	239.5	224	230
ECB_03883	256	261	294	273.5	266
ECB_03804	256.5	266.5	321	296	242.5
ECB_03661	231	239.5	324.5	245	258.5
ECB_03891	288	277	282	239.5	216.5
ECB_02400	219	236	332.5	270.5	281.5
ECB_00911	236	267.5	272	255	266.5
ECB_00074	257	359	301	211.5	176
ECB_03613	268	284.5	263.5	244.5	302
ECB_04124	262.5	232	252.5	259.5	255
ECB_00685	212.5	268.5	257	267	251
ECB_00623	155	189	238	313.5	351
ECB_00008	207	268.5	262	258.5	273
ECB_00707	223.5	236.5	251.5	246	241
ECB_00175	234	283.5	234	238.5	272.5
ECB_01213	173	231	300.5	293	298.5
ECB_03649	262.5	319.5	227.5	216	204.5
ECB_01217	233	223.5	244.5	245	252.5
ECB_00075	251.5	292.5	230.5	218	175.5
ECB_03285	252.5	248	237.5	230.5	251.5
ECB_00160	198.5	230.5	324	307.5	158
ECB_01793	227	316	453	186.5	19.5
ECB_01682	206	253	239.5	229.5	241
ECB_04044	219.5	250.5	258.5	220.5	224
ECB_01080	230.5	234	214.5	236.5	233.5
ECB_03165	188.5	226	210	198.5	207.5
ECB_03038	254	241.5	235.5	217.5	222
ECB_00932	213.5	223	243.5	231.5	236
ECB_01931	229	228	225	211	209
ECB_03906	88.5	157.5	248.5	285	282.5
ECB_00096	276.5	248	212.5	160	166.5
ECB_03620	168.5	211.5	292.5	285	317
ECB_02608	222	239	206.5	187	157.5
ECB_02044	203.5	213	214	217.5	225
ECB_01572	84.5	196	304.5	270.5	239.5
ECB_00519	135.5	200.5	229.5	267	224.5
ECB_02422	193.5	262.5	236	153.5	145.5
ECB_01263	204.5	260.5	188	193	159
ECB_00036	159	194.5	286	192	149.5
ECB_02315	317	165.5	142	135	113
ECB_02234	133	163	198.5	197.5	203
ECB_03149	202	216.5	263.5	107.5	38
ECB_03882	198.5	218	200.5	197	185.5
ECB_00934	173	210.5	214	207.5	225
ECB_02222	161	205.5	214	222.5	237.5
ECB_00164	3	3	3	3	3
ECB_01235	163.5	194	199	201.5	192.5
ECB_03078	224	218.5	197.5	153.5	122
ECB_00393	186.5	192.5	215	189.5	154.5
ECB_00892	207.5	225	205	187	197.5
ECB_03828	158.5	187	195.5	200	222.5
ECB_00149	105	144.5	261	233	240
ECB_03897	191.5	180.5	169	185	207
ECB_02609	223	254.5	143	129.5	152
ECB_03036	149	170	198	207.5	194.5
ECB_03347	189.5	160.5	180.5	173	196
ECB_03845	180	197.5	171.5	171.5	197.5
ECB_02082	260.5	176.5	189.5	194	171
ECB_00355	180.5	177.5	164.5	162	138.5
ECB_03582	182	198.5	175.5	156	159
ECB_03168	166	261.5	215	128	48
ECB_03210	160.5	182	199.5	173.5	176.5
ECB_00073	155.5	193.5	219.5	133.5	112.5
ECB_01837	149.5	166.5	185	177.5	174
ECB_00611	191	194.5	165.5	165	168
ECB_04041	233	206.5	194	167.5	160.5
ECB_00680	133	153	164	200.5	232
ECB_02221	157.5	180.5	192.5	177	176.5
ECB_00912	156.5	192.5	254.5	149	121
ECB_00683	135.5	195.5	166	177.5	176
ECB_03410	140	148.5	165.5	179	171
ECB_02907	164	161.5	175.5	182	197
ECB_02325	144.5	176	157	156	183.5
ECB_00058	143.5	151.5	155.5	170.5	178
ECB_01234	140	156.5	156	170	171
ECB_02079	94	72.5	143.5	287.5	200.5
ECB_01607	127.5	164	191	185.5	155
ECB_03114	197.5	171.5	173.5	158	134
ECB_04067	125	157	153.5	122.5	143.5
ECB_03043	197.5	180	188	138	124
ECB_03198	131.5	164.5	191.5	173.5	161.5
ECB_00708	145	134.5	151	184.5	183.5
ECB_03877	126.5	128	154	170.5	153
ECB_04267	121.5	156.5	163.5	167	177
ECB_03192	227.5	173	144	110.5	88
ECB_03255	87.5	66	122	242	265.5
ECB_03816	158	181.5	166.5	158.5	158
ECB_02486	80.5	41	136.5	240.5	183
ECB_03827	5	5	5	5	5
ECB_00144	111.5	143	139.5	215	151.5
ECB_02369	123.5	154.5	201.5	162	152.5
ECB_02248	136.5	148	138	175	175
ECB_03896	174.5	153	138.5	128.5	146.5
ECB_01088	142	146.5	170.5	152.5	146.5
ECB_00700	121	176	183	173.5	159
ECB_00176	130.5	128	236	214	30
ECB_03617	139.5	115	182	180	153.5
ECB_00631	138.5	157.5	152.5	154	143.5
ECB_02209	166	163.5	134.5	142	132.5
ECB_02211	164	175.5	125	126	154
ECB_03861	131.5	138	176	134	116.5
ECB_03756	140	157	148	142.5	135
ECB_01671	102	129.5	144.5	151	160
ECB_03555	166.5	167	127.5	132.5	125.5
ECB_00183	124	148.5	166	163.5	169
ECB_04126	153.5	134.5	140.5	147.5	144.5
ECB_03589	142.5	131.5	150	145.5	125
ECB_03859	134	185.5	203.5	151.5	151
ECB_02399	183	161	133	132.5	150
ECB_00897	149.5	168.5	152.5	134.5	143.5
ECB_02208	131	151	132	134.5	117
ECB_03156	160.5	146.5	154	134.5	140.5
ECB_02735	138	149.5	135.5	136.5	121
YP_003044886.1	120	186.5	134.5	161.5	143
ECB_00687	123	135.5	120	110	110
ECB_02406	114.5	140.5	154.5	142.5	115.5
ECB_03307	103.5	146.5	139.5	157	164.5
ECB_03170	114.5	131.5	150	118	131
ECB_01098	54	30	230.5	231.5	266.5
ECB_00688	103	171	160.5	168.5	133.5
ECB_03650	132.5	161.5	174	139	129
ECB_00232	153	117	120.5	140	140.5
ECB_00414	125.5	129.5	127.5	137.5	140.5
ECB_03161	100.5	184	211.5	122	102
ECB_02391	140	134	158	139.5	109
ECB_01238	114.5	133	151	139	116
ECB_04095	105	126.5	113	122.5	164
ECB_00198	122.5	131	155.5	137.5	110
ECB_02368	171.5	125.5	107.5	111.5	110
ECB_03844	138	145.5	137.5	126.5	76.5
ECB_01072	162.5	210.5	205	45	30.5
ECB_03851	101.5	103.5	114.5	115	148.5
ECB_01709	120	119	131.5	130.5	133.5
ECB_00779	81.5	34	47	228.5	254
ECB_03646	140.5	149	156	115	113.5
ECB_00637	113.5	131	146	126.5	117
ECB_00865	93.5	133.5	131	120.5	118
ECB_01045	121.5	119	119.5	133	135
ECB_01409	57	66	229	211	174
ECB_01645	121.5	120	108	124	140
ECB_02306	134	131.5	106	108	109.5
ECB_02160	132.5	115	129	115.5	101
ECB_00363	3.5	3.5	3.5	3.5	3.5
ECB_01121	67	130.5	181	124	126
ECB_00645	120	107	118	116	119
ECB_03236	128	124	140	124	103.5
ECB_00553	49	15.5	215.5	233	199.5
ECB_01688	118.5	120	115.5	141	111
ECB_00768	95.5	111.5	154	133	125.5
ECB_00027	111	198	225.5	123.5	1
ECB_01820	127	141	132	125	132
ECB_01301	108	111	131	158	107
ECB_01129	121	105	112.5	112	117
ECB_03164	138	134	108.5	72.5	24
ECB_01656	128	161.5	120.5	94.5	64
ECB_03268	94	120	140	95	119.5
ECB_02157	112.5	118.5	149	129	125
ECB_00389	139	139.5	138	84.5	81
ECB_03506	110	113.5	109.5	93.5	103
ECB_03167	176	173	113	83	11
ECB_02542	124.5	88.5	129	88	76.5
ECB_03476	97	107	114	135.5	111
ECB_02549	90.5	110.5	132.5	142	136.5
ECB_03926	110	126	116.5	103.5	87.5
ECB_02625	166.5	125.5	78.5	87.5	98.5
ECB_03259	139.5	123	128.5	102	72
ECB_00475	74	88	117	125.5	93.5
ECB_00868	87.5	106	135	126.5	124.5
ECB_00936	88.5	88.5	85	118.5	135.5
ECB_04215	126	153	146.5	74.5	43.5
ECB_01823	79.5	103.5	117.5	107	113.5
ECB_00686	96.5	123	99.5	122	124
ECB_00079	95	113	133	118.5	111.5
ECB_03794	73.5	96	111.5	109	130
ECB_01250	119.5	112.5	93	94.5	113
ECB_01265	92.5	115	125	105	109.5
ECB_01580	82.5	57	53	140	175
ECB_01388	67	54.5	43	163.5	187.5
ECB_03811	53.5	75	88.5	142.5	166
ECB_01581	0	0	0	0	0
ECB_00217	82	80.5	105	136.5	126.5
ECB_01349	97.5	90.5	51	113.5	93.5
ECB_03093	146	123	71	96	107
ECB_01828	38	26	139.5	149.5	119
ECB_03110	101	110.5	114.5	104	114.5
ECB_03635	100	89	83.5	118.5	135.5
ECB_02937	109	97	82.5	120	117
ECB_01924	102.5	116	124.5	87	87
ECB_00125	94.5	105	81	95	117
ECB_03749	116.5	96.5	97	100.5	92
ECB_03913	109	115	101.5	94.5	114
ECB_00153	109.5	112	90.5	91.5	107.5
ECB_00422	88	85	115	95.5	89.5
ECB_01825	109.5	94	87.5	110.5	120.5
ECB_03470	143	115	104	93	74
ECB_03842	113	98	94.5	108.5	83
ECB_02237	126.5	117.5	96	92.5	91
ECB_01847	134.5	94	89	86.5	84
ECB_01055	99	111	110.5	95.5	86.5
ECB_03821	138	156.5	158.5	126.5	27.5
ECB_03454	60.5	32	60	176.5	178
ECB_01237	92	108.5	91.5	86.5	86.5
ECB_03166	61.5	48.5	95	135.5	126.5
ECB_01190	90.5	97	92	104.5	84
ECB_02062	85.5	86	100.5	106.5	107.5
ECB_02722	139	159	125.5	44.5	47
ECB_01749	113	99	101	102	106.5
ECB_01611	66.5	76	107	124.5	120.5
ECB_01212	82	91.5	88.5	102.5	101.5
ECB_00015	73	106.5	81.5	97.5	74.5
ECB_01178	116.5	118.5	95	67.5	91
ECB_00388	59	77.5	106	97.5	117
ECB_00601	115.5	110	122	75.5	21.5
ECB_00476	89.5	86.5	90.5	102	103
ECB_02372	107.5	77.5	82	119	86.5
ECB_01583	81	90	102	112.5	89
ECB_00425	97	89	100	90.5	88
ECB_03344	72	70	64	114	121
ECB_01947	3	3	3	3	3
ECB_00806	90.5	79	63	112	112.5
ECB_03887	38	32.5	62	163	166
ECB_01087	80	114	95.5	85.5	85.5
ECB_02410	63	85.5	110	105.5	79.5
ECB_00057	93	80	81.5	92	83
ECB_00374	78	100	111.5	119	99.5
ECB_01097	63.5	89.5	110	99	86.5
ECB_01683	86.5	91.5	87	80	94.5
ECB_03858	96	94	94.5	89	90.5
ECB_03614	78.5	85.5	90	88	85.5
ECB_02115	134.5	130.5	96.5	66.5	24.5
ECB_00928	101	110	121	52	45.5
ECB_00781	79	80	64	95.5	125
ECB_02463	77.5	83	94	85	68.5
ECB_02730	78.5	72.5	80.5	105.5	91.5
ECB_03628	143.5	94	73.5	67	61
ECB_02816	96.5	104.5	125.5	83	68.5
ECB_00629	131	123	86.5	28.5	25.5
ECB_02415	93	98.5	82.5	86	80.5
ECB_02370	92	86.5	83	73.5	85
ECB_03658	95.5	88.5	75.5	76	85.5
ECB_01910	67	67	91.5	81	88
ECB_00119	102	111.5	72.5	82	86.5
ECB_00170	81	78.5	87.5	79	84
ECB_02490	87	132.5	115.5	36.5	39
ECB_00240	83.5	83.5	93.5	83	66
ECB_00003	71.5	100.5	96	101.5	89
ECB_02404	59.5	87.5	112.5	95.5	95.5
ECB_01058	91.5	104	81	93.5	82
ECB_03172	104	84	104	80	82.5
ECB_04277	64.5	54.5	78.5	105.5	109.5
ECB_03375	60	68.5	79.5	97	114
ECB_03941	19	18	43.5	149.5	145.5
ECB_03659	73.5	74	75	72	81.5
ECB_02502	65	77	85	74.5	96.5
ECB_00473	84	83	88.5	82	81.5
ECB_02241	93.5	91	78	77	77
ECB_04042	73	83.5	78	73.5	84.5
ECB_00392	51	60	82.5	110	64.5
ECB_00640	89.5	85.5	105	99.5	73.5
ECB_00701	59	56.5	84	88	121
ECB_00413	67.5	81	83.5	86	85.5
ECB_02800	40	93	102	98	101
ECB_03029	161	113	92	41.5	19
ECB_01236	86.5	95	74	69	74.5
ECB_03041	75.5	69.5	93.5	96	79
ECB_03054	92.5	104.5	89	84	69.5
ECB_02884	0	0	0	0	0
ECB_01692	62	72	100.5	111.5	105
ECB_02607	91	86	73.5	68	78
ECB_02407	94.5	97.5	90.5	59.5	59.5
ECB_01787	54	75	93.5	98	104
ECB_02421	66.5	73	89	67	38.5
ECB_01925	73.5	85.5	97.5	88	81.5
ECB_03089	87	86	80	74.5	69.5
ECB_02922	86	86.5	72	76.5	75.5
ECB_02219	76	101	73	99.5	98.5
ECB_04110	82.5	72.5	78	78.5	77
ECB_02235	46.5	44.5	66.5	90	101
ECB_03157	74.5	99.5	89	63	24.5
ECB_01929	69	79	77	86.5	68.5
ECB_02768	75.5	79	57.5	76	61
ECB_02317	61	58	77	92	97
ECB_02354	47.5	59	91.5	89.5	75
ECB_02777	69	67.5	73.5	71.5	73
ECB_03738	63.5	91	78	81.5	98.5
ECB_01923	77	91.5	90.5	87.5	67
ECB_01030	66.5	64.5	74	81.5	76.5
ECB_04012	58.5	88.5	102.5	97	75.5
ECB_00641	65	67	68	85	79.5
ECB_02390	74	77.5	80.5	68	64.5
ECB_01067	63	131	117.5	88.5	41
ECB_00949	95.5	77.5	63.5	66	61.5
ECB_00575	0	0	0	0	0
ECB_01078	88	110	113	60	48.5
ECB_00933	101	90	58.5	28.5	29.5
ECB_00356	86	65.5	65.5	60.5	76.5
ECB_02403	85	62.5	65	59.5	62
ECB_02321	86	79	72.5	60	50
ECB_01802	85.5	84	80	73	57
ECB_01922	55	64	80.5	86	87
ECB_03643	90	96.5	80.5	96	72.5
ECB_03013	79	90.5	74	72.5	57
ECB_00951	71.5	69.5	68.5	69.5	66.5
ECB_03885	104.5	65.5	63	60.5	68.5
ECB_01085	89	103.5	130	92.5	3
ECB_00123	75.5	48	66	98.5	89
ECB_01208	83.5	81	75	77	71
ECB_02489	48.5	72.5	85.5	72	62
ECB_00539	77.5	83	62.5	50.5	71.5
ECB_03619	72.5	85	87.5	75	81.5
ECB_03200	82	67.5	62	49.5	55.5
ECB_00778	54.5	52	77.5	80	75.5
ECB_03469	78	64.5	63.5	71.5	62.5
ECB_01497	66	72	65	75	77
ECB_00628	64.5	65	71.5	69.5	66
ECB_03403	65	79.5	77	61	45
ECB_02826	61.5	104.5	75	74	63
ECB_01821	54.5	65.5	88	83	73
ECB_00684	42	77.5	60	68.5	66.5
ECB_00239	72	78.5	78	81.5	59.5
ECB_03380	63	44	42.5	74	90
ECB_00132	85	77	73	61.5	65
ECB_00562	43	10.5	138	110	106
ECB_00859	42	48.5	61	89	83.5
ECB_03840	92	79	62.5	45.5	64
ECB_00670	66	61.5	63	63.5	69
ECB_00576	34	19.5	30.5	115	105.5
ECB_02245	76	65	65.5	54	59.5
ECB_01150	65	68	65	62	71
ECB_03801	81.5	56	59.5	58.5	70
ECB_01948	60	59	65.5	81.5	80.5
ECB_02814	69.5	83	75.5	62.5	56
ECB_01927	71.5	82.5	81	49	36.5
ECB_02640	54	51.5	67.5	77	74.5
ECB_03302	29.5	6.5	23	110	123.5
ECB_02485	58.5	68	69	62	71.5
ECB_00632	65	80	73	69	70.5
ECB_01007	50	19.5	22	121	123.5
ECB_01253	31	17.5	15	102	114.5
ECB_01626	87.5	76	60.5	60	49
ECB_01573	121.5	119	113.5	2.5	0
ECB_02405	72.5	98.5	78.5	57.5	42.5
ECB_01089	56	71	75.5	61	67
ECB_03678	60.5	55.5	64	70	74.5
ECB_03718	64.5	73	78.5	74.5	67.5
ECB_02488	49	87	88	67	59
ECB_00787	75.5	70	64.5	52.5	61.5
ECB_01005	27	3.5	26.5	115.5	130
ECB_02669	79	65	56	54.5	46.5
ECB_03241	72	66	67.5	66	50.5
ECB_03501	74	55.5	44.5	80.5	74.5
ECB_04100	6	6	6	6	6
ECB_01921	57	70	67	69.5	68.5
ECB_03406	140	103.5	60.5	5	0.5
ECB_04103	77.5	70.5	59	69.5	58.5
ECB_03826	66	74	59.5	55	48
ECB_00035	64	68.5	59.5	54.5	58
ECB_02063	80.5	68	64.5	41.5	52
ECB_01605	73.5	46	53.5	78.5	71.5
ECB_01381	51.5	63.5	62	54	65.5
ECB_04086	2.5	2.5	2.5	2.5	2.5
ECB_04260	51	49.5	67.5	92.5	100.5
ECB_03090	86	79	76	63.5	29.5
ECB_03313	77	65.5	58	62	58.5
ECB_02475	65.5	58.5	62.5	65	52
ECB_00472	53	66.5	65	67.5	55.5
ECB_03240	85.5	74	46.5	52.5	46.5
ECB_00560	33.5	14	135	105	95
ECB_00086	3	3	3	3	3
ECB_00720	59	63.5	59	70	72
ECB_00443	53	57	68	64.5	66
ECB_02891	59.5	59	57.5	52	46
ECB_03014	62.5	75	61.5	60.5	45.5
ECB_03214	43.5	62.5	75	60.5	66.5
ECB_03843	82	53.5	68	60.5	52.5
ECB_03257	50.5	42.5	50.5	74	80.5
ECB_02498	71	87.5	95.5	70.5	11.5
ECB_03130	67	60.5	71.5	56	57.5
ECB_01352	48.5	46.5	59	70	59.5
ECB_01926	48	59	61	67	44
ECB_01110	64.5	56.5	48	40.5	48.5
ECB_03066	56.5	64	64.5	61.5	57
ECB_00166	64	66	68.5	58	43
ECB_04259	99	44.5	33.5	60	77.5
ECB_01437	57.5	52.5	53.5	60	53.5
ECB_00767	58	33	34.5	71.5	74
ECB_00797	53.5	60.5	49	54.5	64.5
ECB_01452	10.5	26	92	86.5	72.5
YP_003045911.1	54.5	52	54.5	50.5	55.5
ECB_02745	55	70.5	73	62.5	74.5
ECB_03138	61.5	63.5	52.5	50	58.5
ECB_01128	50	57.5	54.5	51	56.5
ECB_03248	91.5	100.5	83.5	1	0
ECB_00435	58.5	43.5	44	47.5	34
ECB_03615	47	65.5	77	71	71
ECB_02844	29.5	25	31	78.5	92
ECB_01397	1	0.5	1	121	144
ECB_02158	60	58.5	59.5	66.5	52
ECB_04120	60	66.5	60	53	57
ECB_00178	54.5	66.5	78.5	50.5	52
ECB_01647	26.5	5	11.5	113	58
ECB_03931	34.5	45	56.5	86.5	78
ECB_00291	65	62.5	52	48.5	46
ECB_01624	47	51	60	51	49
ECB_02601	109.5	93	65.5	7.5	4
ECB_01775	23.5	13	53.5	110	90.5
ECB_03238	44	43.5	48.5	66.5	75.5
ECB_02458	40	57	62	74.5	70.5
ECB_02499	65.5	59.5	66.5	65	37.5
ECB_00092	66	66.5	54.5	61	57
ECB_00148	51	37	34.5	41.5	58.5
ECB_00742	108	87	65.5	31.5	21.5
ECB_00420	50	51.5	59	57	48
ECB_03544	81.5	78	65	18.5	19.5
ECB_00856	65	59.5	52	48.5	40.5
ECB_03886	27	13.5	26	109	107.5
ECB_04113	67	47	67	57	44
ECB_00802	70.5	75	70	36	25
ECB_03046	79	62.5	47	47	37
ECB_01370	28.5	16.5	40.5	92	94.5
ECB_02116	69.5	54.5	44.5	46	48.5
ECB_00709	56.5	65	70	53.5	46
ECB_01801	77.5	63	44.5	26	1.5
ECB_00124	59	54.5	49	46.5	47
ECB_03032	56.5	49.5	54	63	23
ECB_01629	60	66.5	49.5	45.5	47.5
ECB_01582	61.5	53	46	50	63.5
ECB_03106	44.5	42	55.5	59	56
ECB_03113	61	40.5	39	75	27.5
ECB_00432	32.5	43.5	60	56.5	53.5
ECB_01894	41.5	47	62	67.5	67
ECB_00888	39.5	72	81.5	66	36.5
ECB_00368	60	69	46.5	42	41
ECB_01248	58.5	41	61	57.5	46
ECB_02244	50.5	47.5	53.5	59	49
ECB_01571	40.5	69.5	54.5	50	49
ECB_02733	39.5	45	55	58.5	53
ECB_03193	129	80	35.5	9.5	1.5
ECB_03737	22.5	5.5	39	91	96.5
ECB_02392	51.5	56.5	61	55.5	44.5
ECB_04069	54.5	66	75.5	51.5	21
ECB_03050	50.5	67	89.5	36	0
ECB_01096	49.5	60.5	50	50.5	42
ECB_02268	37	34	40	65	73
ECB_01310	25	16.5	22	83.5	103
ECB_01662	69	50	39.5	41	52.5
ECB_02161	42	49.5	53	59	52.5
ECB_03392	75	50.5	34.5	34.5	32
ECB_00561	27.5	10	92.5	103.5	83.5
ECB_00416	73.5	61.5	45	55	29
ECB_01593	57	47	41	49	57.5
ECB_01173	24	49.5	67	56.5	39.5
ECB_03074	38	47.5	51	56.5	47
ECB_00130	74	86.5	57	37	29.5
ECB_02543	41.5	36	45.5	54.5	59
ECB_01747	64	57.5	48.5	44.5	49.5
ECB_03465	49.5	56.5	57.5	48	42
ECB_01105	64	43	45	44	40
ECB_03070	69	51.5	54.5	54	49
ECB_03411	38.5	46	50	49	40.5
ECB_03638	41	51	63	64.5	42.5
ECB_03094	36	34.5	54.5	64.5	42.5
ECB_03242	42.5	53.5	56.5	35	29.5
ECB_00952	50.5	59.5	51.5	58	39.5
ECB_02418	78	46	39.5	37.5	39.5
ECB_00893	60.5	50	45.5	41.5	44
ECB_02539	48	60	55.5	50.5	28
ECB_00702	33.5	59	60	58	42.5
ECB_03404	45	39.5	52.5	63.5	34
ECB_00162	39.5	24.5	38	59	68.5
ECB_03466	38	51	50.5	58.5	50
ECB_03930	45	32	40.5	66.5	48.5
ECB_00158	41.5	47	60	46.5	36
ECB_03349	43.5	44.5	48.5	57	47.5
ECB_00319	55	53.5	45	45	38.5
ECB_01498	44	61	49.5	47	32.5
ECB_03736	17	1	43	91	84
ECB_02363	67.5	60	46.5	33	34
ECB_03391	73.5	47	37	39	34
ECB_01888	4.5	3.5	52	69.5	33.5
ECB_00794	61.5	47	35.5	45.5	46
ECB_02425	63.5	53.5	37	39.5	44
ECB_03467	49	50.5	54.5	49.5	47
ECB_02602	107.5	81.5	45.5	4	4.5
ECB_02815	44.5	45.5	52.5	53.5	34.5
ECB_01281	72.5	23	28	46	51.5
ECB_01261	59	47.5	49.5	46	38.5
ECB_03717	41.5	44.5	44	54	58.5
ECB_03847	59.5	46.5	43.5	51.5	55
ECB_02254	41	36	56	53	38.5
ECB_01673	48.5	47	35	47.5	42
ECB_03680	47	46.5	35	44.5	32.5
ECB_03580	43	43	54.5	42.5	42.5
ECB_02518	22.5	10.5	14.5	86	84.5
ECB_00786	46	55.5	55.5	43	15.5
ECB_02175	38.5	32	44.5	48.5	54
ECB_03744	49.5	43.5	52.5	32.5	30
ECB_03112	0	0	0	0	0
ECB_01942	52	51	51.5	34	22.5
ECB_00428	64.5	62	45	32.5	29
ECB_01063	40	26.5	38	45.5	43.5
ECB_04039	51.5	54.5	49.5	54	48
ECB_00431	26	30.5	32.5	49.5	68.5
ECB_02218	48.5	39	41	53	37.5
ECB_01079	76	74	63.5	17.5	8
ECB_03253	42	42	38.5	39.5	43
ECB_00916	49.5	41	42	57	48
ECB_02686	42.5	50.5	46	44.5	42.5
ECB_02781	54	41.5	44.5	36.5	45.5
ECB_03908	22	30.5	58.5	42.5	63
ECB_03634	41	32.5	29	58.5	57.5
ECB_00095	51.5	44	49	49.5	28
ECB_02479	47	55	42	33	42
ECB_00142	53	55.5	62.5	29.5	29.5
ECB_04046	54	39	41	51.5	46.5
ECB_02583	49.5	36.5	34.5	37.5	38
ECB_03187	24	9.5	6	71.5	93.5
ECB_00385	25	33.5	54	54	39
ECB_00712	36	36.5	40	50	42
ECB_01735	73	64.5	60	22	0.5
ECB_04101	41.5	45.5	39	46.5	42
ECB_03057	44	45	40.5	47	51.5
ECB_01873	48	51	33.5	35.5	49
ECB_01696	57.5	39	42	41.5	41.5
ECB_03152	53	69.5	53.5	22	12.5
ECB_00612	24	10.5	12	70.5	66.5
ECB_00533	48	31	23.5	35.5	37
ECB_00354	55	43.5	27.5	43.5	31.5
ECB_00284	15.5	5.5	11.5	95	91.5
ECB_01681	25.5	28.5	35	61.5	72
ECB_01733	28.5	30.5	37	48.5	42
ECB_00725	57.5	47.5	27.5	37	41.5
ECB_01734	30.5	36.5	41.5	47.5	53
ECB_02355	43	32	29	50	64.5
ECB_03148	56.5	54.5	50	22	11.5
ECB_00006	51.5	39.5	36.5	45.5	35.5
ECB_03874	36.5	42.5	48.5	41.5	42
ECB_02497	35.5	44.5	55.5	51.5	35.5
ECB_04251	20.5	17	15.5	70	72.5
ECB_04156	23.5	41.5	71.5	56.5	25
ECB_03052	54.5	43.5	38	36.5	37.5
ECB_00895	27	37	51	48.5	48.5
ECB_02740	44.5	42.5	40.5	51.5	42
ECB_01126	47	42	52.5	52	52
ECB_04246	34.5	36.5	40	36	37.5
ECB_00342	41.5	25.5	37.5	46	39
ECB_03017	37	29	38	48	52
ECB_00122	85	34	34	29.5	18.5
ECB_03321	89	48.5	25.5	18	35
ECB_01694	14.5	0.5	30	77	71.5
ECB_00509	38.5	57	59	40	33.5
ECB_03924	44	42	49	42.5	29.5
ECB_03171	49	32.5	28	44	71
ECB_00922	40	57	32.5	30.5	34
ECB_02189	42	40.5	36	44	34
ECB_03496	37	32	42.5	39.5	32.5
ECB_02465	45	42	39	41.5	26.5
ECB_02747	52	36.5	32.5	42	34.5
ECB_00597	68	51.5	48	35	19
ECB_01075	38	63	60.5	36.5	11.5
ECB_00089	28	27.5	28.5	45.5	25
ECB_00061	43	47	33.5	38	34
ECB_01099	36	34.5	47	54	59.5
ECB_04030	46.5	39.5	34	32.5	33.5
ECB_04197	38.5	39	34.5	30	39
ECB_01970	31.5	36.5	34.5	43.5	34
ECB_01751	38.5	20.5	25.5	35	50.5
ECB_02311	44.5	40	39.5	41	47
ECB_04257	21.5	17	33	55	59.5
ECB_03063	38.5	32	42.5	44.5	36
ECB_01153	20	24.5	51.5	56	43
ECB_03993	40	43	28	32.5	30
ECB_03726	50.5	43.5	36.5	24.5	26.5
ECB_02517	17.5	7.5	17.5	64	65
ECB_02885	2.5	2.5	2.5	2.5	2.5
ECB_03304	44	37	43.5	34.5	37
ECB_03677	39	38.5	28.5	33.5	45.5
ECB_02386	35.5	50	52.5	18.5	7
ECB_00634	31.5	33.5	33.5	52	41
ECB_03219	55	41.5	22	33.5	21.5
ECB_02784	41.5	41	26	46.5	38.5
ECB_02495	55.5	39	30.5	26	33.5
ECB_00805	39.5	34.5	27	36.5	39
ECB_01021	30	52.5	54.5	31	7
ECB_00918	44	38.5	32.5	26.5	28
ECB_02470	40.5	40.5	38	39.5	32.5
ECB_03091	32	17	13	49.5	52.5
ECB_03139	34	34	35	45.5	31
ECB_04112	63	41.5	25	27	30.5
ECB_00083	42	39	32.5	42.5	30.5
ECB_03203	40	46	46.5	41	31
ECB_01046	36	53	32.5	29.5	35
ECB_00643	36.5	28.5	31	36.5	41
ECB_01241	30	26	35	52.5	44.5
ECB_03104	35.5	42.5	38.5	34	27.5
ECB_03291	27.5	28	36.5	37	46.5
ECB_01104	48	24.5	30.5	47	36.5
ECB_02540	53.5	50.5	28.5	35.5	26
ECB_01006	20.5	8	6	82	27.5
ECB_02072	22	23.5	32	57	49.5
ECB_03158	35.5	48	75	28.5	2.5
ECB_01131	36	42.5	32	35.5	38.5
ECB_02206	37	51	25.5	30.5	29.5
ECB_03455	29.5	11.5	15	51	63
ECB_00133	34	38.5	37.5	33.5	37
ECB_01984	31.5	30.5	36.5	43.5	35
ECB_02371	29	32	31	47	23.5
ECB_00177	27.5	31.5	35	32	34
ECB_03249	34	41.5	26.5	26.5	21.5
ECB_01084	42	37.5	45	42	29.5
ECB_03034	46	38.5	42	33	22.5
ECB_00870	29	23	21	57.5	63
ECB_02322	72.5	73	38.5	3	4.5
ECB_04079	36	36	37.5	32	37
ECB_03303	23.5	34.5	39	33	38
ECB_00357	31.5	42.5	25.5	32	41
ECB_01258	39	38.5	36.5	41	28
ECB_03923	0	0	0	0	0
ECB_01066	38	61.5	54	38	5
ECB_02387	35	34	41.5	44.5	37
ECB_00093	40.5	33.5	28.5	25	30
ECB_02408	28.5	31.5	31.5	40	35
ECB_00195	25.5	31.5	40	48	36
ECB_02225	26	33	38	36.5	32
ECB_04009	21.5	2.5	23.5	61	65.5
ECB_03401	46.5	45	37	32	19.5
ECB_01247	39.5	33	25	30	31
ECB_01718	41	38.5	26.5	35.5	33.5
ECB_02210	33.5	44	37	33.5	19.5
ECB_01972	48	30	28	21	20.5
ECB_02942	15.5	2.5	3	64.5	69
ECB_02778	29	26	31	43.5	38
ECB_02462	44	41	21	26.5	34
ECB_02312	36.5	34.5	39	37.5	38
ECB_02817	38	46.5	40.5	33	20.5
ECB_00876	13.5	3	1	64.5	76
ECB_03813	38	34.5	29.5	32.5	33
ECB_01919	0	0	0	0	0
ECB_00179	36	29.5	38	36	30.5
ECB_03119	33.5	35	36	37	45.5
ECB_01986	57	41.5	29.5	21.5	22.5
ECB_00971	28	42.5	35.5	29.5	27.5
ECB_00894	56.5	53	45.5	8.5	4.5
ECB_03162	39	50.5	44.5	42	21
ECB_03734	43	33	31.5	23	30.5
ECB_03155	22	31.5	41.5	30	18
ECB_01649	16.5	7.5	33.5	63	50.5
ECB_00875	47	27	39	25	31.5
ECB_03126	6.5	1	2	63.5	72.5
ECB_03846	56	36.5	27	25	26
ECB_01274	53.5	64.5	47.5	10.5	4.5
ECB_02212	37	43	37.5	25	23
ECB_00958	19	24	13	19	21.5
ECB_02224	36.5	28	31.5	31.5	22
ECB_03277	5	3.5	18.5	63.5	70
ECB_03907	21.5	24	31.5	40.5	36
ECB_03458	35.5	33	36	40.5	34.5
ECB_03468	24.5	34.5	29	40	38
ECB_00169	34.5	35.5	36.5	32	27
ECB_04085	1.5	1.5	1.5	1.5	1.5
ECB_03266	30.5	30	49.5	41	39
ECB_02925	28.5	24	28.5	30.5	24
ECB_03062	36.5	34.5	32.5	33.5	30
ECB_03208	49	50.5	24	18.5	31
ECB_03047	32.5	33.5	29.5	25.5	28.5
ECB_02413	10	12.5	13.5	43	45
ECB_03281	20	23	32.5	42	40.5
ECB_02412	14.5	13	13.5	45	59
ECB_03612	17.5	16.5	29.5	29.5	51.5
ECB_03424	34.5	36.5	41	40.5	31
ECB_03825	46.5	32.5	36	34	21.5
ECB_03669	27.5	39	40	34	22.5
ECB_00080	26.5	21	30.5	29.5	36
ECB_03750	26.5	34	40	42.5	29
ECB_04014	32	34.5	33.5	32.5	39
ECB_01835	29.5	38.5	37	34.5	19
ECB_02393	36	19	26.5	32.5	32
ECB_00216	2	0	27	52.5	61
ECB_00869	38.5	29	28.5	26.5	26.5
ECB_02792	28	24	28.5	37	28
ECB_03137	32	38.5	38	31.5	28.5
ECB_03850	24.5	35.5	30	33	32.5
ECB_03585	39.5	36	27	20.5	27.5
ECB_01032	30	33.5	30	36	37
ECB_03160	60	40.5	25.5	11	0
ECB_00935	42	52.5	43.5	1	0.5
ECB_02240	38	31	30	31	23.5
ECB_04250	40.5	39	27	22.5	20
ECB_00906	31.5	35	32	39.5	28
ECB_01620	30.5	33.5	34.5	36	33.5
ECB_01074	37.5	54.5	46.5	11	11
ECB_03132	25	24.5	36.5	40.5	29
ECB_04040	31.5	18	31.5	30.5	21.5
ECB_04153	29	30.5	47.5	43.5	29
ECB_01633	32	31.5	34.5	34.5	30
ECB_01031	40	24	18.5	22	26
ECB_01155	28	22.5	19	46.5	41
ECB_01347	0	0	0	0	0
ECB_03069	33	34	35	25	19.5
ECB_00692	0	0	0	0	0
ECB_02629	33	24.5	29	31.5	25
ECB_01069	44	95.5	35	0	0
ECB_01679	28	27.5	23	32.5	28.5
ECB_03402	19.5	18	39	37.5	25
ECB_00931	32.5	37	28.5	33.5	28.5
ECB_01717	17	5.5	13	62	38
ECB_02924	40	36.5	24	26.5	21
ECB_00636	18.5	22	32	45	37.5
ECB_00772	1.5	0	50	58	59.5
ECB_02753	13	13.5	9	33.5	55.5
ECB_01184	22	30	26	29	32.5
ECB_03491	34.5	24.5	26	30	34
ECB_03058	33.5	33	28	33	33
ECB_01101	31	32	31	35.5	44.5
ECB_02682	15	14.5	20.5	29	28.5
ECB_01928	42	40.5	31.5	32.5	22
ECB_03921	41	28	28.5	28.5	17
ECB_02767	35.5	28.5	24	20	28.5
ECB_04264	31.5	30	23	25.5	29
ECB_01174	15	20	19.5	34	29
ECB_02766	29.5	27.5	28	32.5	23.5
ECB_01060	33	28	21.5	32.5	20.5
ECB_02675	24.5	28	37	28.5	16.5
ECB_02098	46	21.5	22.5	34	21.5
ECB_00610	17	17.5	37	24.5	33.5
ECB_02356	13.5	8	4	41	55
ECB_03570	34.5	30.5	33	26	7
ECB_02881	32.5	35.5	33.5	30	25.5
ECB_03060	33.5	24	24	27	25
ECB_02525	21	30	30.5	32	29
ECB_03446	36	26	26	21.5	24
ECB_03282	14	14.5	17.5	39.5	50
ECB_00644	38	24	15.5	19	18.5
ECB_01869	7	0	0.5	56.5	54.5
ECB_00890	28.5	20.5	25	26	31
ECB_01073	57	70.5	19	0	0
ECB_03798	28.5	24	25.5	35.5	33
ECB_00333	31	27	35.5	31	35.5
ECB_00120	20.5	30.5	33	35	31.5
ECB_01782	28.5	29	24.5	20.5	22
ECB_02417	31.5	32.5	30	26	24
ECB_02653	6.5	13.5	8	49.5	46.5
ECB_03590	33.5	24	23.5	28.5	22.5
ECB_00280	0	0	0	0	0
ECB_01298	19	29	24.5	28.5	22
ECB_02655	20	24.5	18	24	45
ECB_00600	29	34	37	24.5	20
ECB_02332	20	27	23.5	26	26
ECB_03653	16	31	30.5	24	16.5
ECB_03608	23.5	25.5	32	28.5	27.5
ECB_03493	25.5	57	61	28.5	0
ECB_00364	35	36.5	30	25.5	22
ECB_04000	36	36.5	26	10.5	17.5
ECB_04273	22	16.5	29.5	38.5	32
ECB_00633	0	0	0	0	0
ECB_00091	22.5	18	28	18.5	16
ECB_01651	15	13.5	38.5	28.5	31.5
ECB_03688	30.5	21	27.5	25	20
ECB_01300	23.5	19.5	16	35	26
ECB_03818	42.5	33.5	34	32.5	1
ECB_02639	26.5	23.5	27	25.5	29.5
ECB_02795	31.5	28.5	25	29	17.5
ECB_02113	40	38.5	29	21.5	20.5
ECB_02078	4	2.5	9.5	50.5	59.5
ECB_02331	21.5	36.5	38.5	21.5	15.5
ECB_01945	28.5	39	23	21.5	17.5
ECB_03625	40	33.5	33	8.5	7.5
ECB_03042	26	24	28	29	21.5
ECB_03163	29	32.5	34	32.5	7
ECB_00362	36	22.5	22.5	25.5	26
ECB_02558	22	13.5	28.5	34.5	26.5
ECB_02923	36.5	30.5	18	19.5	20
ECB_01971	17.5	16	36	42	29.5
ECB_03663	21.5	21	24.5	27.5	30
ECB_03280	18.5	19.5	32	37	20
ECB_02423	26	32.5	62.5	20.5	8.5
ECB_02910	22.5	29	21	22	26
ECB_03023	17	14	21.5	33	47.5
ECB_03153	43.5	32	33.5	17.5	6
ECB_04090	25	26.5	14.5	30	25.5
ECB_02445	30	29.5	26.5	24.5	23
ECB_00969	21	16.5	15.5	32	36.5
ECB_01617	17.5	17	15	35.5	41
ECB_00745	40	31	22	23	19.5
ECB_03665	24	32	31.5	28.5	19
ECB_01800	30.5	37.5	37	13	5.5
ECB_01221	40	28.5	24	27	15
ECB_03086	28	27.5	28	31.5	24
ECB_02737	25.5	21.5	23.5	30.5	29
ECB_03348	23.5	20	18.5	24	22.5
ECB_04031	25	26.5	25.5	25.5	25.5
ECB_04005	14.5	8.5	8.5	37.5	31
ECB_02662	24	23	22.5	25.5	18
ECB_00606	27	35	38.5	20	9
ECB_00713	37	25	19	23.5	15
ECB_00535	29	37	16.5	14	7
ECB_01251	20	20	23	24.5	20
ECB_01608	25	28.5	24.5	24.5	22.5
ECB_04111	28	25.5	27	25	18.5
ECB_00714	26.5	27	26	24	17.5
ECB_03044	25.5	24	22.5	24.5	21
ECB_00081	17.5	21.5	14	23.5	21
ECB_02901	17.5	18.5	30.5	35	23.5
ECB_04266	29	27	26	22.5	23
ECB_03312	34	26	18.5	16.5	19
ECB_00369	18.5	19.5	32	26	18.5
ECB_03067	28	37	34.5	18	14.5
ECB_01698	27.5	34	31	16.5	14
ECB_01652	15	10.5	23	28	28.5
ECB_00328	27.5	24.5	28.5	30.5	16.5
ECB_00635	21.5	22	16.5	24	27.5
ECB_03554	30	20	8.5	13	26
ECB_03925	28.5	16.5	25.5	30	21.5
ECB_01083	32	23	13	27.5	25.5
ECB_01592	20	11	24	30	23.5
ECB_02741	25	31.5	21	27	20.5
ECB_00860	21	25	33.5	26.5	18
ECB_01311	38.5	33.5	30.5	11	10.5
ECB_03497	10.5	14.5	27	31.5	29.5
ECB_03746	18.5	18	21.5	22.5	27
ECB_00174	34	24.5	33	20	9.5
ECB_02461	28	24.5	26	26	23
ECB_03237	29.5	30	28	18	13
ECB_03824	23	21	18.5	30	30
ECB_01307	11	15.5	13.5	26.5	36.5
ECB_02265	0	3	7.5	50.5	45
ECB_00102	31	38	12	21	17.5
ECB_00268	14	19.5	25	30.5	24.5
ECB_01113	28.5	29	20	18.5	15.5
ECB_01179	26	24.5	18.5	16	8.5
ECB_01798	14.5	15	23	23.5	25.5
ECB_03664	17	24.5	28	24.5	19.5
ECB_00029	26	26	22.5	23	20.5
ECB_00896	21	24	27	25	23
ECB_01124	23	23	23.5	22.5	12.5
ECB_02595	19	26	18.5	26	21
ECB_00056	20.5	21	19	23.5	19.5
ECB_01650	13.5	11	35.5	33.5	26.5
ECB_00882	33.5	46	37.5	0	0
ECB_01616	4	0	1	43.5	50
ECB_01154	20.5	16.5	21.5	24.5	11.5
YP_003045042.1	20	17	17	30.5	19.5
ECB_01071	16.5	34.5	39.5	21	12.5
ECB_02776	21	24	29.5	20.5	21.5
ECB_01050	16.5	24.5	27.5	29.5	25.5
ECB_03597	0	0	0	0	0
ECB_00104	20	26.5	26.5	23	15.5
ECB_00921	27.5	24	25	23	15.5
ECB_00361	43	29.5	19	18.5	21.5
ECB_02476	14.5	16	19	25.5	17.5
ECB_04026	15.5	9.5	7.5	34.5	34
ECB_01440	0	0	0	0	0
ECB_00396	33	32	20.5	13	9.5
ECB_01090	19	23	27.5	21	22
ECB_01807	9.5	0	0.5	37	47
ECB_01890	17.5	14	22	30	25
ECB_02971	8	1.5	0.5	36	49
ECB_00602	23.5	21	17	26.5	21.5
ECB_03499	17	12	17	14	6
ECB_00150	18	12	31.5	25.5	26
ECB_00059	18.5	26.5	17.5	26	27
ECB_00108	26.5	29.5	28.5	19.5	17
ECB_02043	38.5	29	9.5	10	12
ECB_03474	29.5	8.5	13	28	23
ECB_02758	20.5	23	11.5	12.5	19
ECB_03378	18	6	18	25.5	30
ECB_00764	30	21.5	17	15	11
ECB_02666	26	22.5	26.5	17.5	14
ECB_02596	2	2	2	2	2
ECB_03751	31	21.5	33	21	23.5
ECB_01162	28.5	22	20.5	14.5	19
ECB_02394	32	34	12	15	20
ECB_02900	25	18.5	12.5	16.5	17
ECB_00055	14.5	21.5	24	22.5	19
ECB_03500	17	23	30	27	22.5
ECB_01393	20	28.5	25	2.5	1
ECB_02963	22	24	24	19.5	20.5
ECB_03513	22	16.5	19	26	22
ECB_02216	15	23.5	19.5	27.5	13
ECB_02650	1	2.5	7.5	45	42
ECB_01151	18	17	17.5	23	15
ECB_03707	0	0	0	0	0
ECB_01841	15	25	21	19.5	18.5
ECB_01077	35	56.5	28	0	1
ECB_00187	18.5	16	15	25.5	25
ECB_03475	21.5	12.5	15.5	17	19.5
ECB_02913	4	4	4	4	4
ECB_02880	19	30	42.5	8	6
ECB_03107	25	19.5	19.5	23.5	21
ECB_01172	3.5	0	2.5	43	36
ECB_01197	18	16.5	18.5	27	25.5
ECB_04236	35.5	41	32	0.5	0
ECB_01042	12.5	9	10	31	24.5
ECB_04129	4	8	8.5	35	32.5
ECB_01610	22	21	15.5	18.5	20
ECB_00703	29	45	39.5	2	4
ECB_01499	28.5	17.5	17	17	16.5
ECB_01779	15	18	22.5	22.5	23.5
ECB_02725	15	14	19	27	17
ECB_01871	16	21	29	19	21.5
ECB_04258	17	5.5	11	28.5	38
ECB_00033	20.5	20	21	12	7
ECB_00087	13	18	23.5	20.5	19.5
ECB_00746	22	20.5	8	14.5	14
ECB_03584	26	21	10.5	12.5	15
ECB_02328	15.5	27	25.5	28	17
ECB_03379	4	4	4	4	4
ECB_04047	17	21	16.5	16	14.5
ECB_01051	56	39.5	24.5	1.5	0
ECB_00180	21	12.5	17	21.5	11.5
ECB_02902	14	24	14.5	16.5	11
ECB_03572	23.5	19	14.5	18	19.5
ECB_01850	26	43	19	0	0
ECB_00182	23.5	18	13	14	8
ECB_00371	16.5	21	17.5	12.5	12
ECB_03445	24.5	25.5	16.5	13	12
ECB_00914	17	16	15	20.5	17.5
ECB_01776	14.5	10	13	28	28
ECB_01810	16	20	22.5	21	24.5
ECB_02272	17	15	18	18	24
ECB_03048	26	20	17	14	8
ECB_02466	30.5	23	15.5	22	2.5
ECB_03095	14.5	14.5	20	24	13.5
ECB_03915	19	18	20	18.5	7.5
ECB_00967	17	14.5	17	21.5	25.5
ECB_01946	21.5	18.5	15	13	16
ECB_02460	40.5	32	19.5	14	6
ECB_01163	0	1.5	2.5	38	38.5
ECB_02031	33.5	28	13.5	6.5	9
ECB_01094	21.5	19.5	8	12.5	12
ECB_03109	24.5	21.5	17	5.5	8.5
ECB_02264	38	27.5	18.5	11.5	7.5
ECB_03264	19.5	17	15.5	22	13.5
ECB_00579	15.5	20.5	11	19	17
ECB_01818	6.5	16	13.5	34.5	25.5
ECB_04032	15.5	12.5	9.5	21.5	18.5
ECB_01112	9	16.5	13.5	16.5	22.5
ECB_00386	8	3	9.5	34	26.5
ECB_02521	13.5	1.5	1.5	22.5	39.5
ECB_03477	16	15	9	8.5	12
ECB_04265	27.5	22	20	11.5	4
ECB_00710	14	17.5	21.5	26	22
ECB_02255	16.5	19	14	21.5	14
ECB_01048	6.5	0	0	45	58
ECB_03027	19	18	12	12	9.5
ECB_04191	13.5	14	21	17	21
ECB_00009	15	14	12	17	22.5
ECB_00955	27.5	14.5	9	14.5	20
ECB_01805	16	26	29	25	5
ECB_01606	28	29.5	24	10.5	13
ECB_01175	20	10.5	21	22.5	18.5
ECB_00323	33.5	28.5	22.5	6	8.5
ECB_01622	16	19.5	18	18	12.5
ECB_00555	9	10.5	23.5	26.5	17
ECB_00479	5	5	5	5	5
ECB_00926	16.5	15.5	33	6	6.5
ECB_02818	28.5	26.5	13	2.5	1.5
ECB_03808	7	2.5	15	39.5	25.5
ECB_00101	15	14.5	17.5	25.5	9.5
ECB_02231	23	22	22.5	19	8
ECB_02420	14.5	27.5	23	21	14
ECB_02842	1	11.5	21	23.5	15.5
ECB_00382	14	19	11.5	12	20.5
ECB_02788	15.5	15.5	21.5	26	6
ECB_04109	23.5	29	16.5	14	7
ECB_03807	4.5	11.5	20.5	25	53.5
ECB_04271	30.5	27.5	12	7.5	10.5
ECB_01225	5	9.5	25	23.5	31.5
ECB_03752	26.5	23	10	5	6
ECB_00625	18.5	17.5	12.5	16	24
ECB_02298	15	14	16.5	25	17
ECB_02939	10.5	12.5	17	26	23.5
ECB_02845	7.5	4.5	6.5	26	25.5
ECB_03853	27	20.5	19	22.5	9.5
ECB_02228	4	4	4	4	4
ECB_01453	6	14	33	26	29
ECB_02934	15	17	17.5	22.5	16.5
ECB_03894	22.5	31.5	15.5	9	7
ECB_03117	18	14.5	12.5	19	9.5
ECB_03133	7.5	15.5	13	19	12
ECB_02755	12	16	22.5	18.5	15
ECB_00308	12.5	17	16.5	15.5	12.5
ECB_00372	24	20.5	14	15.5	13.5
ECB_02229	13.5	5	8	25.5	19.5
ECB_03092	14	16	24.5	19	13.5
ECB_04096	0.5	0.5	1	32.5	39.5
ECB_01130	21	20.5	15	13.5	17.5
ECB_03040	18	23.5	16.5	17.5	18.5
ECB_04078	4	11	14.5	22.5	10.5
ECB_01186	13.5	11	21	16	12
ECB_01224	13.5	18	17.5	17.5	17.5
ECB_01612	30.5	11.5	3.5	15.5	14
ECB_02101	9.5	14	15.5	15.5	14.5
ECB_02409	25.5	21.5	19	5.5	2.5
ECB_02790	7	12.5	7.5	12.5	12
ECB_04029	5	6	10.5	15	6
ECB_00909	23.5	18.5	9.5	8	10.5
ECB_04010	9	14	26.5	26	25
ECB_00672	11.5	18.5	15.5	20.5	13
ECB_00749	8	9.5	9	20.5	21
ECB_03909	8.5	14.5	38.5	5	0
ECB_00234	11.5	15.5	20	16.5	10.5
ECB_01577	11.5	18.5	21	17.5	14
ECB_03145	19	8.5	9	12.5	11.5
ECB_03705	29.5	18.5	16	9	10.5
ECB_00992	36	26.5	18	0	0
ECB_03426	22.5	15	13.5	9.5	7.5
ECB_03753	18	10.5	11	17.5	17.5
ECB_01059	12	8.5	11	17.5	12
ECB_01653	16	11.5	21	25.5	19
ECB_00891	15	17.5	9	11	13
ECB_01321	19.5	19	17.5	7.5	0
ECB_01368	16.5	21	13.5	13	4.5
ECB_01070	25	35.5	21	0	0.5
ECB_01076	14	28.5	27.5	1.5	4
ECB_02935	38.5	19	9	7.5	2
ECB_03855	23.5	17	12.5	17	14
ECB_00956	22	22	11.5	15	16
ECB_04218	8	13.5	18	18	14.5
ECB_00883	26	19.5	23	19	3
ECB_01052	18.5	20	12	9	16
ECB_04102	17	9	11.5	24.5	19.5
ECB_00959	12.5	14	17	17.5	10.5
ECB_03490	25.5	25	9	5.5	10
ECB_03735	17.5	18	15.5	10.5	8.5
ECB_00405	10	0	2	35	39
ECB_01932	27.5	19.5	11.5	18	10.5
ECB_02467	10.5	8.5	7.5	18	23
ECB_02326	10.5	5	3.5	25	22.5
ECB_02484	23	22	14	11.5	17
ECB_03809	17	15.5	22.5	14.5	12
ECB_00423	21.5	22.5	15.5	7.5	4.5
ECB_00776	18.5	8	13	9	10.5
ECB_02226	6	5.5	21.5	22.5	15
ECB_03212	0.5	0	0.5	37.5	31.5
ECB_00927	19	15.5	15.5	13	12.5
ECB_02936	8.5	15.5	18.5	13.5	8.5
ECB_00335	16	19	16	15	7
ECB_00762	10.5	9.5	13.5	15.5	21
ECB_00097	16.5	6	17.5	23	19
ECB_01736	14.5	17	17	15	14.5
ECB_01824	8.5	12	13	20.5	5.5
ECB_03386	7.5	14	25.5	13	5.5
ECB_03507	2.5	2.5	2.5	2.5	2.5
ECB_01636	13.5	18.5	14.5	13.5	13
ECB_01826	9	7	8	10.5	17.5
ECB_02111	15.5	13	14	11.5	6.5
ECB_03890	16	12	14.5	12	7
ECB_00126	15	15	17.5	15	10.5
ECB_02692	4.5	12.5	19	16.5	7
ECB_03199	11	20.5	16	24.5	28
ECB_03666	6	6	6	6	6
ECB_01220	21	16	10.5	13.5	12
ECB_01708	12.5	14	0	13.5	21
ECB_00343	18	13	10	17.5	17.5
ECB_01351	10.5	7	14.5	23	12.5
ECB_01632	25	26	16	0	0
ECB_01406	0	0	0	0	0
ECB_02025	11.5	12	5	18	24
ECB_03097	13.5	10.5	21	17.5	7
ECB_01914	17	7.5	7	11	14.5
ECB_03494	14.5	15.5	15.5	12	6
ECB_00315	26.5	21.5	16.5	0.5	0
ECB_00370	19	13.5	14.5	15.5	17
ECB_01367	16.5	18.5	16	13.5	14.5
ECB_03979	9.5	8	18.5	16.5	9.5
ECB_02424	28.5	14.5	14	10.5	5.5
ECB_00456	12	7	19	11.5	11
ECB_01899	16	11.5	12.5	6	12
ECB_03056	10	17	10.5	18	14
ECB_01937	13.5	18.5	21	11.5	5.5
ECB_02096	26.5	15	2.5	15.5	8
ECB_01831	24.5	20.5	7	5	7.5
ECB_03621	13.5	13	16.5	16	16
ECB_01167	0	0	0	0	0
ECB_03730	20	19	16	16	12
ECB_01777	11.5	15.5	20.5	14.5	12.5
ECB_01646	11	7.5	4.5	3	8
ECB_03284	25	8	2.5	3	11.5
ECB_02591	0.5	0	2	30.5	17
ECB_02865	16.5	10	15.5	17	16
ECB_02864	20	18	9	7	7
ECB_01408	15.5	15	10	11	7
ECB_03045	14.5	16	11	7.5	8.5
ECB_03776	13.5	16	5.5	3	5
ECB_01789	15	5.5	10	14	17
ECB_01803	21	16.5	9.5	9.5	7
ECB_00215	9.5	10	13	20	18
ECB_02677	9	8	12.5	8.5	5.5
ECB_03917	9	3	0	23	27.5
ECB_01822	17.5	16.5	8	10.5	11
ECB_00563	3	3	3	3	3
ECB_03346	8.5	7	12.5	10	6.5
ECB_00404	20	11	9	14.5	10
ECB_00929	14.5	5	5	16	0
ECB_01819	24	30.5	20	11.5	8.5
ECB_03274	16	15.5	8.5	14.5	7.5
ECB_02276	4.5	2.5	18	31	18
ECB_01125	8.5	2	0.5	21	14.5
ECB_00706	0.5	0.5	0.5	67	5.5
ECB_02137	17	16.5	21	0.5	0.5
ECB_04272	3.5	1.5	4.5	18.5	18
ECB_02990	6.5	0	14.5	22	15.5
ECB_02664	26	27	12	0.5	0
ECB_04083	4.5	4.5	7.5	22.5	19.5
ECB_01149	22.5	13	13.5	7	0.5
ECB_02250	16.5	22.5	13	7	5
ECB_03978	12	0	0	22.5	20
ECB_02145	15	11.5	12	5.5	8
ECB_03457	8.5	4	7	25	6.5
ECB_03342	0	0	0	0	0
ECB_00595	5.5	1	3.5	24.5	23
ECB_00246	15.5	11	15.5	7.5	14
ECB_00199	0.5	0.5	0.5	0.5	0.5
ECB_01876	19.5	12	12	11	11.5
ECB_03016	9.5	7	7	13.5	12
ECB_00536	0	0	0	0	0
ECB_02032	11.5	13.5	12	7	9
ECB_04019	9.5	8.5	8.5	19	26.5
ECB_02953	18	16	12.5	7.5	4.5
ECB_03700	4.5	6.5	8.5	13	12.5
ECB_01601	8.5	16	18	10.5	12.5
ECB_03374	14	17	13.5	10.5	5
ECB_01482	14	17.5	11	14	13.5
ECB_02879	18.5	18.5	25	5.5	2
ECB_02214	14.5	11	13	10	13.5
ECB_02267	9	9	7	20	16
ECB_03505	12	10.5	13	7	10
ECB_02359	15	11.5	11.5	10	8.5
ECB_04269	6	8.5	12	15	6
ECB_00568	16.5	8.5	2.5	8.5	4.5
ECB_00953	16	23	13.5	8	5
ECB_02186	11	10.5	19.5	17.5	5
ECB_02289	20.5	15.5	2.5	8	4
ECB_00205	12.5	9	12	10.5	5
ECB_00445	11.5	18	19.5	12.5	6.5
ECB_00255	6	0.5	14.5	13.5	6.5
ECB_04038	20	9.5	9	10.5	11
ECB_00358	18	22	21.5	10	6
ECB_01279	6.5	11.5	10	6.5	10
ECB_02367	11.5	14	9.5	9.5	11
ECB_02550	17.5	11	7.5	14	8
ECB_01675	21.5	10	8	8.5	6.5
ECB_02362	9.5	4.5	5.5	10	7
ECB_01954	23.5	18	9	14	7
ECB_00411	20.5	17.5	7	5.5	7
ECB_03443	0.5	0	0	15	25
ECB_02956	4	5.5	6.5	24	21
ECB_00795	12	7.5	10	13.5	12
ECB_01578	21.5	15.5	14.5	0.5	0
ECB_01114	12	12.5	16	15	9
ECB_00673	13	11.5	16.5	10.5	7
ECB_03075	6.5	7	14.5	15.5	6.5
ECB_02661	8	11.5	4.5	10.5	11
ECB_02165	2	0	7	17	27
ECB_00901	0.5	0	0	26	25
ECB_01944	2.5	2.5	2.5	2.5	2.5
ECB_02266	5	1.5	6.5	14	16.5
ECB_02825	22.5	22.5	12	0	0
ECB_00347	10.5	8	10	16	15.5
ECB_00440	0	0	0	0	0
ECB_01912	11	2.5	3.5	20	23.5
ECB_01714	0	3.5	1	14.5	19.5
ECB_03780	14.5	17.5	12.5	15	7.5
ECB_03134	8	6	13	18.5	9.5
ECB_01715	0	0.5	0	20	27
ECB_03088	20.5	12	2	2	8
ECB_02950	2	2	2	2	2
ECB_03318	26	19	12	2.5	1.5
ECB_01305	6.5	6	5.5	15.5	18
ECB_02600	14	17.5	13	2.5	0.5
ECB_02727	18	11.5	11	11	11.5
ECB_04037	26	11	5	14.5	17
ECB_04239	11.5	7	11	13	8.5
ECB_00711	5.5	17	15	14	13
ECB_00564	5	2.5	21	20.5	18.5
ECB_02011	14.5	14	8.5	10	4
ECB_03657	11	6.5	14	7	9.5
ECB_00444	17	10.5	5	2.5	11.5
ECB_01716	6	0	1	19.5	22
ECB_02742	8	10	9.5	10	9.5
ECB_00426	5.5	6	8.5	17.5	15.5
ECB_00771	1.5	0.5	14.5	19	23.5
ECB_00864	8	7.5	10.5	9.5	5.5
ECB_01302	4	1.5	9.5	17	12
ECB_02478	0.5	0.5	2	21.5	18.5
ECB_03681	24.5	15.5	12	4	0
ECB_00233	9.5	10.5	11	10.5	5
ECB_01249	7.5	5	7	14	8
ECB_01555	10.5	6.5	8.5	15.5	13
ECB_02291	7.5	8.5	7.5	16.5	12
ECB_01806	18.5	15	7	5.5	4.5
ECB_00578	8	10.5	11.5	12.5	3.5
ECB_01685	9.5	5	8.5	15.5	8.5
ECB_03905	3.5	1	4	10	13
ECB_00155	10.5	6.5	14	10.5	8.5
ECB_00345	9	6	5	8.5	7
ECB_00789	16	10	8.5	9	10
ECB_02419	14	8	6	8	3.5
ECB_03197	9.5	13.5	10	7	8
ECB_03689	10.5	12	6.5	10	10
ECB_00716	1.5	2.5	8	9.5	11.5
YP_003044105.1	0	0	0	0	0
ECB_00186	13	9.5	8.5	16	11.5
ECB_01863	16.5	27	8.5	1.5	0
ECB_02064	21.5	22.5	10.5	0	0
ECB_04089	8.5	5.5	9	8	9.5
ECB_01756	13	12	10	4.5	3.5
ECB_03080	9.5	13	10	8	9
ECB_01788	9.5	13.5	9.5	14	13.5
ECB_02876	0.5	0	1.5	18.5	24
ECB_03033	18.5	10.5	8.5	10	3
ECB_03508	27.5	16.5	6	8.5	4.5
ECB_00750	8.5	6.5	8	18	8.5
ECB_00697	11.5	10.5	11	9	4.5
ECB_02444	13.5	10	9	5	8.5
ECB_04027	15	7	5.5	12	4
ECB_03055	5	3	13.5	11	1.5
ECB_03489	12	9	3.5	8.5	3
ECB_02551	13	23	11	0	0
ECB_03311	8	2.5	8	9	10
ECB_00593	17.5	21.5	9.5	0	0
ECB_04021	0	0	0	18	25.5
ECB_00032	6.5	6	7.5	10	10
ECB_02635	10.5	9.5	8.5	12	7.5
ECB_00052	12.5	7.5	0.5	13	13.5
ECB_02088	14.5	16.5	14.5	2.5	0
YP_003045694.1	8	10	11.5	11.5	11
ECB_02888	25	24	0.5	0.5	0.5
ECB_03911	17	14	19.5	4	4.5
ECB_02914	20.5	14	6	8.5	13.5
ECB_00871	11	11	4.5	15	15.5
ECB_01003	8	4	7.5	13.5	19
ECB_02593	5.5	5	4	10.5	5
ECB_02896	7.5	1.5	3	21	0.5
ECB_04214	14	20	17	0.5	0
ECB_01256	8	13.5	14.5	13	13.5
ECB_00699	10.5	11.5	8.5	0	0
ECB_01401	1.5	2.5	0.5	19	17
ECB_01303	3	2.5	1	14	12.5
ECB_03796	5	1.5	2.5	16	10.5
ECB_01064	11	8	8	15	11.5
ECB_01199	5	11.5	14.5	6.5	10
ECB_02631	11	13	12.5	13	9.5
ECB_00421	8	12	10.5	6.5	9
ECB_00604	15.5	19.5	5	0.5	0.5
ECB_00671	12	9.5	9	8.5	4.5
ECB_01254	8	11.5	14	5	6
ECB_01379	10	8.5	8	8	5
ECB_02215	18	12.5	8	3.5	1.5
ECB_02632	8.5	8	10	16.5	6
ECB_00181	8	12.5	13	5.5	3
ECB_03852	13.5	14.5	5	5.5	5.5
ECB_02657	13	11	10	10	8.5
ECB_03745	8	11.5	10	11	8
ECB_00318	13.5	5	2.5	6.5	2
ECB_01792	8	12	1	2.5	3
ECB_00197	4.5	9	10.5	9	6.5
ECB_01842	13	14.5	6.5	5.5	7
ECB_03371	14	43	13	2.5	2
ECB_00353	7	5.5	9	9.5	5
ECB_04035	7	3	8	4	3.5
ECB_02239	17	19	16.5	0.5	0.5
ECB_04249	13.5	8	13	4.5	3
ECB_04128	8	8.5	10.5	10.5	7.5
ECB_00188	7.5	9.5	3	4	3.5
ECB_04034	3	1	2	13	24.5
ECB_00567	16	14.5	7.5	6	4
ECB_01380	0.5	0.5	0	18.5	17
ECB_01127	25.5	10.5	7.5	3.5	6.5
ECB_00854	9	8	9	10.5	6.5
ECB_00719	7	12.5	10.5	8.5	4.5
ECB_01277	7.5	7	9	8	9.5
ECB_00310	9.5	8	5.5	5.5	0
ECB_04091	8	8.5	9.5	12	9.5
ECB_00145	8.5	10.5	17.5	13	3
ECB_01832	4.5	9.5	8.5	6	10
ECB_03817	8.5	6.5	11	9	11
ECB_01846	17	11	2	2	3.5
ECB_01095	12	11.5	6.5	7.5	7.5
ECB_00884	3.5	6.5	9	8	8
ECB_01726	13	14	5.5	3.5	8.5
ECB_02545	7	4.5	9.5	11.5	6.5
ECB_03929	4	1.5	4.5	18	11
ECB_00397	2	0.5	1	22	14
ECB_02358	8	10	6.5	12	8
ECB_02904	2.5	2.5	2.5	2.5	2.5
ECB_04036	14.5	13.5	9	0	0.5
ECB_04122	10	4.5	10	9.5	5.5
ECB_00112	10	7	7	9	8
ECB_04237	4.5	9	15.5	0	0
ECB_02448	3.5	10	10	7.5	7.5
ECB_00774	8.5	10	8	6.5	0.5
ECB_02118	0	0	0	0	0
ECB_02506	11	11	9	13.5	4.5
ECB_03599	10.5	9.5	10	5	4
ECB_01672	10	4	6	4	8.5
ECB_03194	5	4	6.5	7.5	10
ECB_03471	7	7	9.5	5	4.5
ECB_04217	8.5	6	7	7	9
ECB_00873	10	8	11	11	6.5
ECB_03206	4	4.5	11.5	15	10
ECB_03464	16	15	2.5	9.5	9
ECB_02938	10.5	4.5	4	10	8
ECB_03297	8	0	2	19.5	1
ECB_03609	2.5	3.5	4	10	5.5
ECB_03770	8	4.5	12.5	10.5	6
ECB_01299	8.5	7.5	7.5	5	10
ECB_03330	12.5	9	3	1	2.5
ECB_03803	4.5	7	8.5	8	8.5
ECB_03682	6	3	0	9.5	7.5
ECB_04216	5	14	7	1.5	1
ECB_00311	11.5	8.5	3.5	4.5	6.5
ECB_00627	10.5	10.5	15.5	6	5
ECB_01017	14	5	4	1	2
ECB_01226	11	8.5	11.5	9.5	7.5
ECB_00741	9.5	3	7.5	6.5	4.5
ECB_03950	13	13	14.5	0.5	0
ECB_02594	8	7	3	6.5	5.5
ECB_03354	0.5	0	0	21	15.5
ECB_00551	3.5	1.5	28.5	8.5	13
ECB_02622	7.5	5.5	7.5	7	6
ECB_02256	9	9	9.5	11.5	3.5
ECB_02610	8.5	10.5	5.5	6.5	9
ECB_03169	5	6.5	7	8	6.5
ECB_04006	13.5	10	3	4.5	6
ECB_02967	5	4	6.5	8	9.5
ECB_03289	2.5	8	10	8	6.5
ECB_03819	4.5	12	2	10.5	2.5
ECB_02083	8.5	7	9	7	3
ECB_02365	1	3	5	9	14.5
ECB_00608	10.5	3.5	7.5	3.5	2.5
ECB_01103	10	6	5	7	2.5
ECB_01183	5.5	6.5	6	7	8
ECB_02597	3.5	3.5	0.5	10	7.5
ECB_02416	11.5	11	6.5	4	5
ECB_01985	0.5	0	0.5	14	21.5
ECB_02732	10	7	4	5	8.5
ECB_02670	12.5	8.5	3.5	3	4
ECB_00617	3.5	4	7	11.5	10
ECB_01164	10.5	2.5	7.5	6	7
ECB_02958	9.5	10.5	7.5	3	7.5
YP_003046952.1	0	0	0	0	0
ECB_01552	7	5.5	4.5	13	13.5
ECB_00881	0.5	2	3	16	14.5
ECB_02501	4	7.5	9	8.5	5
ECB_02592	8.5	6	3.5	12.5	11
ECB_03690	7	7	13	9.5	8
ECB_03810	3	3	3	3	3
ECB_02909	9	8.5	10	3	0.5
ECB_00373	8	7	2.5	8.5	7.5
ECB_01780	13	9	8.5	2.5	0
ECB_02318	4.5	7	5	6.5	7
ECB_00752	2	3.5	3	12	6.5
ECB_02554	0.5	0.5	11.5	16	10.5
ECB_00171	7.5	7	6.5	4	2.5
ECB_01271	2	6	7	4	7.5
ECB_02469	6.5	9	10.5	8.5	7
ECB_03314	6.5	5.5	8.5	7.5	7
ECB_03511	3	3.5	2.5	11	7
ECB_03636	6.5	11	7	8	8.5
ECB_00082	6	5	3	10	11.5
ECB_02120	10	3.5	1.5	7	7
ECB_00626	7.5	4	1	2.5	3
ECB_01369	11.5	6.5	4	8.5	5.5
ECB_02889	5	7	5	3.5	1
ECB_02243	16	8.5	9.5	4	1
ECB_03517	7	4.5	6.5	8	9.5
ECB_01481	10.5	7	8.5	3	4.5
ECB_01168	9.5	17	12	1	0.5
ECB_02401	8	3.5	7	7	6
ECB_02961	4.5	1.5	1.5	9	10.5
ECB_02974	7.5	13.5	11.5	0.5	0.5
ECB_00053	5.5	6.5	5.5	6	8
ECB_00698	9	9	9	8	3.5
ECB_04025	0.5	0.5	6.5	13.5	13
ECB_04045	13	7.5	3.5	5.5	0.5
ECB_00235	21.5	15	5	0	0
ECB_01185	10.5	9	4.5	3.5	3
ECB_02334	14	13	3.5	3.5	11.5
ECB_03802	15	6	1	2.5	7.5
ECB_03478	8.5	8	7.5	3.5	1.5
ECB_03647	9	14	4.5	1	0
ECB_03656	12.5	8	5	6	6.5
ECB_01476	1.5	0.5	0.5	15	16
ECB_02388	9.5	8.5	4.5	5.5	6.5
ECB_03492	5.5	5.5	7	11	7.5
ECB_00111	4.5	6.5	9	9	8
ECB_00960	3	5	7.5	7	3.5
ECB_02906	20	11	1	0	2
ECB_03692	17.5	9	2	0.5	0
ECB_02630	12	12.5	7.5	4.5	0
ECB_01156	17.5	11.5	2.5	0.5	0
ECB_01165	5.5	1	4	12.5	7
ECB_00478	17	11	8.5	6	1
ECB_02251	6.5	10	3.5	6	2.5
ECB_00740	6	0	1	13.5	11.5
ECB_00994	4.5	10.5	8.5	6	4
ECB_00279	10	2	3	2.5	8.5
ECB_01737	3.5	5	2.5	6	3
ECB_02080	1	0.5	0	14	11.5
ECB_02103	12	4	6	5	3.5
ECB_03509	6.5	5	7.5	7	3
ECB_04253	9	9.5	9.5	1	1
ECB_00966	6.5	4	7.5	3	2
ECB_03298	3	3.5	2.5	3.5	4.5
ECB_03587	3.5	7.5	5.5	6.5	5
ECB_04244	4.5	3.5	31	5.5	4.5
ECB_01246	0	0	0	0	0
ECB_03337	3.5	4.5	4	13.5	4.5
ECB_01900	11	6.5	6	5.5	6
ECB_02335	10	15	11.5	0.5	0
ECB_03283	2.5	1.5	3	5	6
ECB_00085	11	9	2	1.5	2
ECB_00267	9	12	10.5	1.5	1
ECB_02236	7	4.5	6.5	5.5	4
ECB_01865	0.5	0.5	0	9.5	5.5
ECB_02798	5.5	3	4.5	7	6
ECB_03873	8.5	6	8	3.5	6.5
ECB_01514	1.5	12	19.5	4.5	0
ECB_01635	2.5	4	3.5	6.5	7.5
ECB_03105	3.5	5.5	7	1.5	0.5
ECB_02724	4.5	9.5	8	0	0
ECB_00573	9	10	3.5	6.5	5
ECB_02890	7.5	11	7	6	3.5
ECB_03251	8.5	9	11	3	0
ECB_02204	11.5	13.5	4.5	3.5	4
ECB_03848	9.5	8.5	4.5	2.5	4.5
ECB_00796	13.5	7	2	1	4
ECB_04254	0.5	0	3	7.5	3.5
ECB_02414	8.5	3	6.5	7.5	7.5
ECB_00141	5	3.5	10	11.5	3.5
ECB_00743	10	13.5	1.5	0.5	0
ECB_03936	2.5	5	6	2	5.5
ECB_04017	6	8	9	8.5	6
ECB_00185	5.5	4	7	4	5.5
ECB_01268	4.5	6	1.5	2	5
ECB_01817	5	3.5	5	4.5	7.5
ECB_00103	7	2.5	1.5	9.5	6.5
ECB_03341	5	1.5	5.5	10	5
ECB_01614	5	6	4	4.5	5.5
ECB_00885	5	8.5	11	0	0
ECB_01383	5	0	0	22	6
ECB_04263	11.5	11.5	9	3	0
ECB_00559	1.5	3.5	3	6.5	4
ECB_01267	5	2.5	5	6	7
ECB_02195	8	5.5	1.5	3.5	1.5
ECB_02926	12.5	5	5.5	1	0
ECB_04177	0	0	0.5	12	11.5
ECB_01723	3	0.5	2.5	3.5	5.5
ECB_01915	12	13	7.5	1	0
ECB_04092	3.5	4.5	3.5	4.5	2
ECB_01450	5	4.5	5.5	6	7.5
ECB_01784	3.5	0.5	1	6.5	8
ECB_00351	10	9.5	4.5	0.5	0.5
ECB_03797	8	5	2.5	1.5	4
ECB_00221	1	1	1.5	12.5	0.5
ECB_01762	10.5	5	3	4.5	5
ECB_02676	5	5.5	2.5	4	5
ECB_02739	6.5	2.5	2	5.5	2.5
ECB_03667	8	8.5	2.5	3.5	10
ECB_01057	5	4.5	6	4	3
ECB_01230	0	0	0	11.5	15
ECB_03051	1.5	1.5	5	6.5	10.5
ECB_01257	3.5	5.5	2.5	3	5
ECB_02684	4	2.5	0	3.5	6
ECB_01746	5	13.5	6	3.5	0
ECB_03276	2.5	7.5	8	3.5	0
ECB_03982	5.5	7	11.5	5	6
ECB_01862	5	22	2.5	0	0
ECB_01282	4	3.5	4	5	6.5
YP_003044854.1	5	7	9	6.5	3
ECB_01245	12.5	8.5	3	0.5	0
ECB_01336	2	5	9	9	5.5
ECB_01598	9	11	6	0	0
ECB_00605	7	1.5	0	2	2
ECB_01563	4.5	3	1.5	5	4.5
ECB_01969	2.5	1	1.5	2.5	5
ECB_02659	3.5	0.5	3	4.5	2
ECB_02665	9	6	5	0	1.5
ECB_02702	0	0.5	0	14.5	13
ECB_00889	5.5	5.5	1	1.5	1
ECB_01591	0	0	0	0	0
ECB_02531	0.5	1.5	14	8.5	8
ECB_03733	6	4	4.5	6	6
ECB_03872	10.5	7	6.5	7	3.5
ECB_01599	4.5	5	3.5	0.5	0
ECB_01829	3.5	5	4	5.5	2.5
ECB_03686	7.5	8	2.5	1	0
ECB_01214	10	7	5.5	6.5	6.5
ECB_02053	3	2	0.5	2.5	0
ECB_02253	8	9	3	2.5	1.5
ECB_02638	9.5	3.5	3	4.5	4.5
ECB_03319	3.5	4	6	5	4
ECB_01264	13.5	5	4.5	0	0
ECB_01895	8.5	6	6	5	1.5
ECB_00630	2	2	2	2	2
ECB_02402	10	6	3.5	4	0
ECB_03671	4.5	4.5	0.5	2	3
ECB_00552	3.5	0	9	11	8
ECB_01774	0.5	4	7	9	1.5
ECB_02577	7	9.5	4.5	9	4.5
ECB_00807	10	4	2.5	8.5	0
ECB_02738	4.5	7	3	2.5	2.5
ECB_03895	10.5	9	9	1.5	0
ECB_04135	0	0	0	0	0
ECB_02167	1	0	3	9	14.5
ECB_02320	2.5	5	2.5	4.5	4.5
ECB_00201	2.5	2	2	2.5	3.5
ECB_00214	2	0	5	9	2.5
ECB_00436	0	0	0	9	13
ECB_01285	2	7.5	12.5	8	0
YP_003044656.1	0	0	2	6.5	10.5
ECB_03918	6	1.5	1.5	3	0.5
ECB_01579	5	4	0.5	0	1
ECB_01812	5	6	5	6.5	0
ECB_01728	5	5	2.5	6	5
ECB_03065	14.5	10.5	2.5	0	0
ECB_03805	12.5	9.5	5.5	0.5	0.5
ECB_00365	0.5	2.5	0.5	1	5
ECB_02447	11	0	2	4.5	7.5
ECB_00118	1	1.5	2.5	7	6
ECB_00367	0	1	0	10	1.5
ECB_03685	4	4.5	8.5	6	2.5
ECB_00983	0	0.5	2.5	9	12
ECB_02878	1	1	0.5	8	8
ECB_03741	12	5	1.5	4	2
ECB_04106	2	1	1.5	9.5	2.5
ECB_01202	0	0	0	0	0
ECB_03250	7	6	2.5	0	0
ECB_00200	2.5	2.5	2.5	2.5	2.5
ECB_03578	4.5	4	5	4.5	8.5
ECB_03581	7	6.5	2.5	1	0
ECB_03854	8.5	6.5	4	4.5	2
ECB_00054	2	2.5	5	7.5	7.5
ECB_00867	6.5	4.5	5.5	5	1.5
ECB_02086	4	1.5	2	4	6.5
ECB_02473	3.5	4.5	2.5	3.5	2
ECB_02847	3.5	1	2.5	8	1.5
ECB_00034	1	0.5	0	7	5.5
ECB_00770	0	0.5	3.5	14.5	8
ECB_00972	4.5	0	0	8.5	7
ECB_01451	0	0	0	0	0
ECB_01686	8	7	4	3	0
ECB_02446	8	7	5	5.5	2
ECB_02681	3.5	3	5	3.5	0
ECB_03352	7	1	0.5	5.5	3
ECB_03416	0	1	1.5	6.5	9
ECB_01603	11.5	7	5	4.5	0
ECB_03498	9	3	0.5	3.5	1
ECB_03799	9	3.5	1.5	1	6.5
ECB_00325	0.5	2	4	4	2.5
ECB_02721	4.5	6.5	1	5.5	5
ECB_00207	6.5	3	1	0.5	0.5
ECB_02627	4	0.5	0	0	6
ECB_03059	2.5	3	3.5	4.5	0
ECB_03549	3.5	3.5	3	0.5	3.5
ECB_01893	1.5	7	8.5	4	2
ECB_02532	1	0.5	12	10.5	4.5
ECB_03800	7	1.5	3	4.5	1.5
ECB_01086	2	5.5	5	1.5	1.5
YP_003045135.1	2	2	5	2	1.5
ECB_02893	4	3.5	5	4	2
ECB_01897	11	6	0.5	0	0
ECB_02107	4.5	1.5	1.5	4.5	4.5
ECB_02928	3.5	4	4	4.5	5
ECB_03626	3.5	3	2.5	2	1
ECB_03831	2.5	0.5	0	3.5	8.5
ECB_03892	0	3.5	3.5	8.5	2.5
ECB_04268	6.5	8	6.5	1	0
ECB_00064	0	0	0.5	6	7
ECB_01655	5	4	4.5	4.5	7.5
ECB_03377	4	4	3	4	1
ECB_00534	3	8	1.5	0	0
ECB_01068	5	10	2.5	0	0
ECB_04248	7.5	6.5	1.5	5.5	3
ECB_01132	4.5	3	5	2.5	2.5
ECB_00784	5	8	3	4.5	2.5
ECB_02097	12.5	1	0	0	3.5
ECB_00438	7.5	4	4.5	2.5	0.5
ECB_01200	6	3.5	6.5	6	1
ECB_02496	3.5	1.5	2	1.5	1.5
ECB_03463	2.5	2.5	1	0.5	2
ECB_03140	0.5	1.5	4	7	5.5
ECB_04118	5.5	7	1	1	3.5
ECB_01166	3.5	5.5	2.5	2	5.5
ECB_00023	2	14	0.5	0	0
ECB_00300	1	1.5	7.5	7	2.5
ECB_01278	0	0	0	0	0
ECB_01575	1.5	2	3	4	7.5
ECB_04262	5.5	5	1.5	1	0
ECB_03876	7.5	3	0	0.5	2.5
ECB_01137	7	1.5	1.5	6.5	0.5
ECB_01445	0	0	0	5.5	5
ECB_01761	8	2.5	0	2.5	2
ECB_04007	0.5	0	5.5	4.5	3.5
ECB_02779	4	1.5	0.5	0	0
ECB_00346	3	3.5	4.5	2.5	2.5
ECB_02474	7.5	8.5	0	1	1.5
ECB_00599	12	2	0.5	0	1
ECB_03068	1.5	0.5	5.5	0.5	0
ECB_03081	1.5	2.5	0	4.5	4
ECB_01815	5.5	6	5	0.5	0
ECB_03037	10	1.5	0.5	0	0.5
ECB_03421	0	0	0	0	0
ECB_00596	4	7	7.5	0	0
ECB_00925	1.5	1	2.5	6	5.5
ECB_01317	0	3.5	0	7.5	2
ECB_01561	2.5	2	1	0.5	1
ECB_02114	1	1.5	7	4	0
ECB_03423	3	4	5	1	0.5
ECB_00920	5.5	5	4.5	4	0.5
ECB_01939	3	6	5	5	0
ECB_01936	3.5	2	3	0	0.5
	4.5	4.5	2.5	7.5	5.5
ECB_00542	0.5	0	0.5	11.5	3.5
ECB_01353	3	4	3.5	2.5	1
ECB_01854	3	3	1.5	5.5	0
ECB_03729	0	0	10	9.5	2
ECB_03769	1.5	1.5	1.5	4	1.5
ECB_01043	0.5	2.5	5.5	1.5	2
ECB_01813	4	3.5	4	0	0
ECB_01975	2.5	4	4.5	0	0
ECB_02213	5	5	4.5	2	4
ECB_02789	3.5	2	2.5	8	1
ECB_04238	0.5	0	3.5	7	0.5
ECB_00194	0	6	5.5	2	0
ECB_00329	4	0	0.5	3	1.5
ECB_01872	5	5.5	4	0	0
ECB_02897	2	0.5	3.5	2.5	3.5
ECB_03270	1	6.5	6	0.5	0.5
ECB_01387	1	1.5	3	4.5	0.5
ECB_01849	1.5	5.5	9.5	1.5	1.5
ECB_02996	4	5.5	4.5	1.5	0
ECB_03030	1.5	0	1	0.5	2
ECB_01062	1	0	0	6.5	7.5
ECB_01539	2	2.5	3	4.5	2.5
ECB_02104	10	4.5	2	0	0.5
ECB_02528	5	1	0	5.5	4.5
ECB_03064	1.5	1.5	5	7	3.5
ECB_00609	1.5	5	3	0.5	0.5
ECB_01082	0.5	6	6	4	1
ECB_02141	0.5	0.5	0.5	5	4
ECB_02660	1	0	0	1	0.5
ECB_00288	1	0	0	6.5	10.5
ECB_02507	1.5	8	2	0.5	0
ECB_03141	0	0	1	5.5	7
ECB_03195	5	3	2	2	2.5
ECB_03472	8.5	12.5	2	0	0
ECB_04121	6	1.5	0.5	2.5	0.5
ECB_01701	2.5	0.5	1	0	3.5
ECB_01965	3.5	3.5	1.5	3	1
ECB_02483	2	1.5	1	2.5	0.5
ECB_03211	0	1	2	0.5	0
ECB_03267	0	0	0	0	0
ECB_03308	5.5	2.5	2	2.5	0.5
ECB_03949	3	7.5	6.5	0.5	1
ECB_01456	0	1.5	5	4.5	1.5
ECB_01560	8.5	4.5	3.5	0	0
ECB_02194	2	3	2	2	0
ECB_03019	0	0	0.5	4.5	4.5
ECB_03772	1.5	1.5	0	1	0.5
ECB_04087	0.5	0	0	4.5	1.5
ECB_01868	2	1	3.5	2.5	1
ECB_01885	8.5	2.5	4.5	0	0
ECB_02503	0.5	1.5	6	6	3
ECB_00415	2	3	2.5	5	1
ECB_00970	0.5	0	0	2.5	0.5
ECB_02117	3	0.5	1	4.5	2
ECB_02491	0	0	0	9	4.5
ECB_02508	4.5	4	2	2	1.5
ECB_03642	11	6.5	1	0.5	0
ECB_01637	0.5	0.5	1	5	7
ECB_02027	1	4	4	0.5	0
ECB_02454	3	4.5	1.5	0.5	0
ECB_04117	6	4	3	5	1.5
ECB_01223	2	4	1	6	4.5
ECB_01484	2	2	5	6	4
ECB_01710	0	3	7.5	0.5	0
ECB_02729	2	0.5	1	0.5	0.5
ECB_03143	6	5	0.5	0	0
ECB_00652	1	1.5	3.5	5.5	1
ECB_03630	3	0.5	0.5	0.5	0
ECB_00886	7.5	2.5	2.5	3.5	0
ECB_01260	0	0.5	1.5	1.5	5.5
ECB_01312	4.5	2.5	4	4.5	1.5
ECB_03316	0.5	5.5	3	0.5	0.5
ECB_03937	2	0.5	0	1	1.5
ECB_02133	7	5.5	4.5	0.5	0.5
ECB_03417	0	1.5	0.5	5.5	8
ECB_03699	5	4	2.5	0	0.5
ECB_01588	0.5	1.5	1.5	4	2
ECB_03207	0.5	0.5	2	5.5	5.5
ECB_01093	3	5	2	0.5	0
ECB_01495	1	0	0.5	5.5	8
ECB_02801	1	4	4	3	2.5
ECB_03673	1.5	3	2	0.5	2.5
ECB_03679	3.5	2	0	0	0.5
ECB_03728	1	2.5	2.5	1	1
ECB_04125	5	0.5	2	2.5	0
ECB_04127	6.5	3.5	2.5	3	1.5
ECB_00858	4.5	5	3	0	0.5
ECB_02960	3	3.5	5	3.5	1.5
ECB_03209	1	3	1	1.5	1.5
YP_003046747.1	2	0	4.5	6.5	4
ECB_00689	3.5	0.5	0	0	3.5
ECB_01983	0	0.5	0.5	0.5	0.5
ECB_03369	0.5	0.5	1.5	3	1
ECB_00109	1.5	3.5	0.5	2.5	0
ECB_01695	3	2.5	2.5	2.5	5
ECB_02468	1.5	2	1	2	0.5
ECB_02567	0	0	0.5	3	0
ECB_02685	2	0	0	6.5	2
ECB_02981	3	2.5	2	2.5	3
ECB_00447	3	1.5	3	3	1.5
ECB_01177	4.5	4.5	4.5	4	1
ECB_03376	0.5	0	2	5	3
ECB_03893	0	0	1	1	0
ECB_02105	8.5	5.5	0	0	0
ECB_03189	0.5	1	4	6.5	1
ECB_03396	2	0	0.5	3.5	4
ECB_03418	0	1.5	0	6.5	0
ECB_00191	3	3	0.5	2	0.5
ECB_02726	6	2	4	2.5	1.5
ECB_03305	1	4	4	2	0.5
ECB_00647	0.5	0.5	6	4.5	3
ECB_03288	0	0.5	0	0	1.5
ECB_03961	2	3.5	0.5	1	0.5
ECB_00084	4	4.5	0.5	0	0
ECB_01259	0	2	3	1	0.5
ECB_01623	1	1.5	1.5	3	3
ECB_02168	0	0.5	1	1	9
ECB_03232	2	1.5	1	2.5	1
ECB_01843	0	0	0	0	0
ECB_02339	0	0.5	0	0.5	3.5
ECB_00751	2	2.5	2	3	2
ECB_01851	2	4.5	1	0	0
ECB_01864	0	0	0	5.5	2.5
ECB_02341	0	0	0	0	0
ECB_02637	1.5	1.5	2.5	0	1
ECB_02663	0	0	1	0	0
ECB_04247	0	1.5	0.5	4	0.5
ECB_00060	3	2	0	0	0
ECB_00094	1.5	5.5	3	0	0
ECB_00189	0.5	2	2	0.5	0.5
ECB_00245	1	0.5	2	2.5	2.5
ECB_00769	0	3.5	3	0	0
ECB_01816	1.5	2	2	3.5	0.5
ECB_02898	7	4.5	0.5	1	4
ECB_02944	1	4	5	4	3
ECB_03559	8.5	5.5	0.5	0.5	0.5
ECB_00260	0.5	0.5	0	0.5	5.5
ECB_00410	2	2	0	1.5	1.5
ECB_01320	10.5	3	0	0.5	0
ECB_01420	0	0	1.5	4.5	4
ECB_01587	3.5	2	2.5	3.5	1
ECB_02668	1	1.5	3	1.5	1.5
ECB_02827	1.5	4.5	1	0	0
ECB_02892	0.5	0.5	0.5	1	3.5
ECB_02940	0	0	1.5	0.5	0
ECB_00334	2	3	0	0.5	1.5
ECB_00919	0.5	0	1	1	0
ECB_01739	0.5	0.5	4.5	4.5	3.5
ECB_02136	5	0	0	0	0
ECB_02524	0	0	0	0	0
ECB_04016	4.5	4.5	0	0	1
ECB_04231	0.5	1	0.5	1	1.5
ECB_01276	1	2	2.5	1.5	0
ECB_02003	0.5	2	3	2.5	0
ECB_02480	0	0.5	3.5	4	0
ECB_03488	0.5	1	0.5	0	0.5
ECB_01283	0.5	0.5	1	2.5	1
ECB_02366	2	7.5	3	0.5	0
ECB_03562	5.5	3	0.5	0	0
ECB_04213	1	0.5	2	2.5	3
ECB_01838	0	1	0	0	0.5
ECB_02281	3	2.5	2	0.5	0.5
ECB_02802	0	0.5	2	2	0
ECB_03372	0.5	0	0	5.5	0.5
ECB_03384	2	1	3	0.5	0
ECB_03596	2	2.5	1	5	2.5
ECB_04212	0.5	3.5	4	2	4
ECB_01107	0	0.5	0	0	0
ECB_01109	3	3	0	1	0
ECB_04148	4.5	2.5	0.5	1	4.5
ECB_00165	4.5	2	2	0.5	1.5
ECB_02690	4	1	0	1.5	0.5
ECB_02793	1	1	1	0	0.5
ECB_03275	6	0.5	2	0.5	2
YP_003044640.1	0	0	0	0	0
ECB_01487	0	0.5	0	6.5	4
ECB_02122	1.5	3	0	4	4.5
ECB_02336	3.5	2	3.5	1	0.5
ECB_03331	2	3	2	1	2.5
ECB_00642	1.5	0.5	2	0.5	0
ECB_02246	4.5	4.5	0.5	1	0
ECB_02520	1.5	1.5	0	2	1
ECB_02642	0.5	3	1	1.5	0
ECB_02643	1.5	1.5	2.5	1	0
ECB_01722	4	0	0	0.5	0
ECB_00151	2	0	3.5	3.5	3.5
ECB_00299	1.5	2.5	1	0	0.5
ECB_00997	1	1	1	2	5
ECB_01691	0.5	3.5	0.5	1	2
ECB_01763	2.5	1	0.5	0.5	0
ECB_03213	0.5	0	0	4.5	0
ECB_03836	0	0.5	1	1.5	0.5
ECB_04229	3	3	2	2	2
ECB_00172	0.5	0.5	1.5	0.5	2
ECB_00336	0	0	0	0	1.5
ECB_00759	0.5	0.5	1.5	2	1.5
ECB_00817	2	0	0	4	1
ECB_01218	3.5	1	1	0	0
ECB_04057	0.5	1	0.5	3.5	4
ECB_04171	0	0.5	1	3.5	6
ECB_00184	0	0	0	0	0
ECB_00286	0	0	2.5	1	0
ECB_00287	0	0	0.5	1	2
ECB_00792	0.5	0	0	3	2
ECB_00905	4	0	0	5	2.5
ECB_01297	1	1	0.5	0	0
ECB_01979	0	1	3.5	0	2
ECB_02571	0	0	0	0	0
ECB_02905	3	1.5	1	2.5	1
ECB_03261	3	1	3	0	0.5
ECB_00157	1	0.5	0.5	2	0
ECB_02188	3.5	2	0	0	1
ECB_02280	2	1.5	4	0	2.5
ECB_02535	0	0	0	2	0
ECB_00147	2	3.5	0	1	1
ECB_00218	7.5	2	2	0	1
ECB_00256	0	0	0	0	0
ECB_01973	0	0.5	1	0.5	0.5
ECB_02056	0	0	0.5	1	0.5
ECB_03252	1	1	0	0	0
ECB_03260	1.5	4	5	0	0
ECB_03814	0.5	1.5	4.5	0	8
ECB_00830	2.5	0	3	2	0
ECB_01707	0	0	0	0	0
ECB_01891	1.5	3.5	2.5	2	0.5
ECB_02207	2	3.5	0	0	1
ECB_02360	0.5	1.5	3.5	3.5	0
ECB_02648	5.5	1	0	0.5	2.5
ECB_03310	1.5	1.5	1	2	0.5
ECB_04170	0	0	0	3.5	0
ECB_00828	0	1	3.5	6.5	0.5
ECB_00846	2.5	2	0.5	0	0
ECB_01358	0	0	0	0	0
ECB_01878	0	1	3.5	1.5	1
ECB_02150	0.5	2	1.5	5	3
ECB_02193	1	0	0	3	2
ECB_03448	0	1	1.5	1	3
ECB_00202	5	1.5	0	0	0
ECB_00681	6.5	1	0	0	0
ECB_01210	0.5	0.5	1.5	1	0
ECB_01554	4	2	1	0	0
ECB_01750	0.5	1	0	1.5	0.5
ECB_01896	0.5	3.5	3.5	1	0
ECB_02191	0	0	0	0	1.5
ECB_02249	0.5	2	4	0.5	0.5
ECB_02455	0	0	1.5	2	0
ECB_02546	1	0.5	0	0.5	0
ECB_03336	2.5	0	1	0.5	2.5
ECB_03743	0	0	1	0.5	0.5
ECB_04220	1	0	0	1	0.5
ECB_00159	0.5	1.5	2.5	0.5	2
ECB_00446	6.5	2.5	0	0	0
ECB_00814	3	2.5	1	0	0
ECB_02667	2	3.5	1.5	0	0.5
ECB_03716	2.5	2	3.5	0.5	1
ECB_04028	0.5	1	1.5	2.5	3.5
ECB_04192	1.5	1	0	0.5	0.5
ECB_00121	0	0	2.5	0	0
ECB_00219	2	3.5	0	0.5	0.5
ECB_00531	0.5	0.5	0.5	0.5	0
ECB_00811	0.5	5	0	1	0
ECB_02477	2.5	2.5	3	0	0.5
ECB_02587	1	0	1.5	1.5	2.5
ECB_02654	0	1	0.5	0	0.5
ECB_03460	1	1.5	2	2	1.5
ECB_04225	4	4	4	4	4
ECB_00429	0.5	0.5	0	0	0.5
ECB_00434	4	4	0.5	0	0
ECB_03778	0	0	0	0	0
ECB_04022	0.5	2	0	0	0.5
ECB_01327	2	2.5	0.5	1.5	2
ECB_01399	0.5	1	3	5.5	0
ECB_01595	0	0.5	1.5	3.5	0
ECB_01770	0.5	1.5	3.5	1.5	1.5
ECB_01917	0.5	3.5	0	1	0
ECB_02124	0.5	3.5	3.5	0	0.5
ECB_02783	3.5	3	1	2	0
ECB_03085	0.5	1	0	0	7
ECB_03101	0.5	2.5	0.5	1.5	2
ECB_00924	0	0	0	0.5	0
ECB_00065	0	0.5	2.5	1.5	0.5
ECB_00400	0	2.5	4	1	2
ECB_01187	0.5	0	0	0	0
ECB_01436	0.5	0.5	0	3.5	4
ECB_01454	0.5	0	4.5	2	0
ECB_01786	1	1	0	0.5	3
ECB_02085	0.5	1	0.5	0	0.5
ECB_02714	1.5	3.5	0	2	0
ECB_03010	0.5	0.5	1.5	2	2.5
ECB_03880	0.5	3	1	0	0.5
ECB_04065	0	0.5	0	2	3.5
ECB_01240	5	1	0.5	0	0
ECB_01586	0.5	1	0	1.5	2
ECB_02787	0	1	0	0.5	5.5
ECB_03583	0.5	0	1.5	1	0.5
ECB_03641	0	0	0	0	0
ECB_00462	1.5	0.5	1	1.5	2
ECB_00756	0	0	0	0	0
ECB_01460	0	0.5	1.5	1	1
ECB_02016	5.5	3	0	0	2.5
ECB_02046	0	1.5	0.5	1	3
ECB_02441	1	1.5	3	1.5	1
ECB_02626	3	2.5	0	1	1
ECB_02699	2	0.5	1	0.5	1.5
ECB_03202	0.5	4	0	0	1
ECB_00208	1.5	4	1	0	0
ECB_00984	0.5	1	0.5	2	1
ECB_01426	1	1	2.5	1.5	1
	8	3	2.5	0.5	0
ECB_02457	0	0.5	1.5	2.5	1
ECB_02481	1	2	0.5	2	0.5
ECB_03072	2.5	2	0	0	0.5
ECB_03290	0	1	0	1	2
ECB_03367	0.5	1.5	1	3	0.5
ECB_03545	0	0	0.5	0.5	2
ECB_04059	0.5	0.5	1.5	0.5	0
ECB_00331	0	0	0.5	3.5	0
ECB_00696	0	0	0	0.5	0
ECB_00733	1.5	2	2	2	0.5
ECB_00976	1	0.5	0.5	0.5	0.5
ECB_01203	0	0	0	0	0
ECB_02562	1	1.5	1.5	2	0
ECB_03575	0.5	0.5	0	3	0
ECB_04193	1.5	1	0.5	0	0.5
ECB_00522	0	0	0	0	0
ECB_00763	0	0.5	0	2	1.5
ECB_01534	1.5	3.5	1	0	0
ECB_03812	0	0	2	5.5	0
YP_003047122.1	0	0	0	0	0
ECB_04081	1	2	2	1	0.5
ECB_04172	0	0	0	2	1.5
ECB_00391	0.5	1	1.5	0.5	2
ECB_00512	0.5	0.5	2	0.5	1
YP_003044240.1	0	0.5	4.5	1	0
ECB_01287	1	1	0.5	2.5	1.5
ECB_01732	1.5	0.5	0	1	1.5
ECB_01795	1	2	2.5	0	0
ECB_01933	0.5	0.5	2.5	1.5	2.5
ECB_02154	0.5	0	1	0	2
ECB_02557	6	1	0	0	0
ECB_03118	0	0	0	0	0.5
ECB_03687	3	0.5	0	0	0
ECB_03888	2	0	0	0.5	2.5
ECB_03960	0	0.5	0	0.5	0.5
ECB_04270	0	0	0	0.5	0
ECB_00131	0	0	1	3	0
ECB_00468	1	2	0	2	0
ECB_01459	0	2.5	1.5	0.5	0
ECB_02045	2	0.5	0.5	2	1.5
ECB_02173	0.5	0	0	2.5	0.5
ECB_02785	1.5	2	0	0	0
ECB_02838	1	0	2	0.5	0.5
ECB_02993	0.5	0.5	3	0.5	0
ECB_03299	0.5	0.5	0	2	0
ECB_03524	4	0.5	0	0	0
ECB_03639	2.5	1.5	3	0	0
ECB_04107	1	1	1.5	1	0
ECB_00100	2	0	1.5	0	0
ECB_00298	0	2.5	1.5	0.5	1
ECB_00852	0	0	0	0.5	1.5
ECB_00963	0	0	1	1	1
ECB_01262	0.5	1	1.5	1	1
ECB_02054	2	0.5	0.5	2	0.5
ECB_02361	0.5	0.5	1	1.5	1
ECB_02763	0	1	1.5	0	0
ECB_03049	0.5	2	4.5	1	0.5
ECB_03204	1.5	0	1	0	1
ECB_03262	0	0	1	2	2
ECB_03586	0	1.5	1.5	0	0
ECB_04155	3.5	1	1	0.5	0
ECB_00019	0.5	0.5	1	0	1
ECB_00070	1	1	1	4	0
ECB_00078	0	0	1	2.5	0.5
ECB_00276	1	2	2	1.5	0.5
ECB_01118	0.5	0	1.5	2.5	0.5
ECB_01501	1	2	2	0	1
ECB_01642	1	0.5	2	1	0
	0	3	3	2.5	0
ECB_02106	1.5	1	0	0.5	2
ECB_02304	0	0	1	0.5	0
ECB_02586	0	0	0	0	0
ECB_02615	0	0	1	0.5	0
ECB_02652	0	0	0	4.5	0.5
ECB_02713	3	1	0.5	1.5	2
ECB_02945	0.5	1	0.5	1.5	0.5
ECB_02989	2	1	1	2	0
ECB_03358	1	0	0.5	0	0
ECB_03725	1	1	1	2	0.5
ECB_03727	0	0	0	0	0
ECB_04002	1	2	0	1	0
	0	1	2	2	2
ECB_04160	0	0	0	0	0
ECB_00277	0.5	1	2.5	0.5	0.5
ECB_00409	1	0	0	0	0
ECB_00465	2	0	0	0	2.5
ECB_00466	1.5	2	0.5	1.5	1
ECB_00739	1.5	1.5	1.5	0.5	0
ECB_00747	2	0.5	2.5	0	0
ECB_00857	1.5	0.5	0.5	0	1
ECB_01852	1.5	0.5	1.5	2	2
ECB_01950	0	1	0.5	1	0.5
ECB_02302	0	0	0	0	0.5
ECB_02711	1	0.5	1.5	1.5	0.5
ECB_02979	0.5	1.5	0.5	2	1
ECB_03222	0	0.5	2.5	1	1
ECB_03487	3.5	0.5	1	0.5	1
ECB_03521	0.5	0	2	2	1.5
ECB_03593	1	1	2	2	0
ECB_04230	0	1	0.5	0	0
YP_003043877.1	0	0.5	0.5	0	1
ECB_00301	2	1	1.5	1	0
	0.5	3.5	1.5	0.5	0
ECB_00401	0	0.5	2	1	0
ECB_00654	0.5	0	1	1	0.5
ECB_00668	0	0	1.5	2.5	1.5
ECB_01004	0	1	0	0	0
ECB_01470	0	0	0	3	0.5
ECB_02233	0	0	0.5	0.5	0.5
ECB_02261	1.5	0.5	0	0.5	2
ECB_02620	0	1	2.5	0.5	0.5
ECB_02791	0.5	0	0	0	0.5
ECB_02846	0.5	0.5	0.5	0	1
ECB_03111	0	0	1.5	0	0
ECB_03510	0.5	0	1.5	1.5	0.5
ECB_03701	0	0.5	1	1.5	0
ECB_03878	1	1.5	2	0.5	0
ECB_00161	1.5	0	0.5	0.5	0.5
ECB_00238	1	0	0	2.5	1.5
ECB_00513	0	1.5	0.5	0	0.5
ECB_00532	0.5	1.5	0	0	0
ECB_00761	0	1	0.5	1	0.5
ECB_00872	1.5	0	1	2	1.5
ECB_01056	0.5	0.5	0	0.5	0.5
ECB_01189	0.5	2	0	0.5	0
	1	1.5	0.5	3	1
ECB_01216	0.5	0.5	1	0.5	0
ECB_01362	1.5	0.5	1	1	1
ECB_01398	0.5	1	1	0.5	3
ECB_01410	0	1	1	1.5	0.5
ECB_01940	0.5	4.5	0	0	0
ECB_01980	0.5	1.5	0	0.5	2
ECB_01981	2	1.5	0.5	1	0.5
ECB_02121	0	0	0	0	0
ECB_02651	0	1	2	0	0.5
ECB_02678	0.5	1	2.5	2	0
ECB_02719	2	1.5	0.5	1.5	0
ECB_03083	0	0	0	0	0
ECB_03129	0.5	1.5	0	1	1.5
ECB_03456	0	1	0.5	0	0
ECB_03837	2	1	0	0.5	0.5
ECB_03884	0	0	0	0.5	0
ECB_03964	0	1	1.5	0.5	0
ECB_04123	2	0	0.5	0.5	0.5
ECB_01011	0	0.5	3.5	0	3.5
	3.5	1	1	0.5	0
ECB_00263	0.5	0.5	1.5	0	0.5
ECB_00292	0	0.5	0	0	0
YP_003043752.1	1	1.5	1.5	0	0
ECB_00981	0	0	0	0	0
ECB_01483	1	1.5	0.5	0.5	0.5
ECB_02148	0	0.5	0	0	6.5
ECB_02273	0.5	1	0	0	0
ECB_02515	0.5	0	2	0	2
ECB_03328	0	0.5	1	2	1
ECB_03565	0.5	0.5	0	0.5	0.5
ECB_04058	0	0.5	0	0.5	0
ECB_03131	0.5	3	0	1	0
ECB_01644	0	0	0	0	0
ECB_00250	0.5	0.5	0.5	1	0
ECB_00586	1.5	0	0.5	0.5	0.5
ECB_00973	1.5	1	1.5	0.5	0
ECB_01280	0	0.5	0.5	0.5	0
ECB_02169	0	0	0	0	0.5
ECB_02305	0	0.5	0	2	0
ECB_02343	0	0.5	1	1.5	1
ECB_02687	0.5	0	0.5	0	0
YP_003045994.1	2	1	0.5	1	0
ECB_03024	0	0.5	0	1	0
ECB_03356	1	0.5	0	0.5	1
ECB_03514	0	0.5	0.5	1	0.5
ECB_03605	1.5	1	0.5	0.5	1
ECB_00757	0	0	0	0	0
ECB_00066	0	0	1	0	0
ECB_00453	0	0	0	2	1
ECB_00732	1.5	0.5	0.5	0	1
ECB_00996	0.5	1.5	0.5	1	2
ECB_01348	0	0	0	0	0
ECB_01414	1	0.5	0	1	0
	0.5	0	0	0	0
ECB_01502	0	0	1	0.5	0.5
ECB_01678	2	0	0.5	1	0
ECB_02151	1	1.5	0	0.5	3
ECB_02288	0	1.5	0.5	0	1
ECB_02951	0	0	0	0	0
ECB_03183	0	0	0	0	0
ECB_03296	1.5	0	1.5	0.5	0
ECB_03324	0	0.5	1.5	0	1
ECB_03339	2.5	0.5	0	0	0
ECB_03447	4	0.5	0	0	0
ECB_03531	0	1	0.5	0.5	0.5
ECB_03754	0.5	0	0	0	0
ECB_03832	0	0	1.5	0.5	0.5
ECB_03998	0	0	0	0.5	0
ECB_04053	2	0.5	0.5	0	0.5
ECB_01341	0	0	0	0	0
ECB_00330	1.5	1	2.5	0	1
ECB_00693	0	0	0	0	0
ECB_00766	1	0.5	1	1	1
ECB_00923	0.5	0.5	0.5	0.5	0
ECB_00965	0	0	3	0	1
ECB_01176	0	0.5	1.5	1	1
ECB_01209	2	1	0	0	0
ECB_01211	1	0	0	2	0.5
ECB_01296	1	0.5	1.5	1	1
ECB_01319	1	0.5	0	1	2
	1.5	0	0	0.5	1.5
ECB_01447	0	0.5	1.5	1	0.5
ECB_01449	1	1.5	0	1	0
ECB_01755	0.5	0	0	0	1
ECB_01968	0.5	0	0	1.5	0.5
ECB_01994	0.5	0.5	2	0.5	0
ECB_02067	0	0.5	1	0.5	0.5
ECB_02262	1.5	0.5	1	1	0
ECB_02349	0	0	0.5	3	0
ECB_02442	0.5	0	1.5	2.5	1
ECB_02985	0	0.5	1.5	0.5	1
ECB_03201	0	0.5	1.5	0.5	1.5
ECB_03216	0	0	0	0	0
ECB_03258	3	1.5	0	0	0
ECB_03547	3.5	0.5	1.5	0	0.5
ECB_03988	0.5	2	0	1	0.5
ECB_04074	0.5	0.5	0.5	1.5	0
ECB_02147	0.5	0	1.5	0.5	0.5
ECB_00063	0.5	0	0	0	0.5
ECB_00264	0	0.5	1.5	1	1.5
ECB_00494	0	0	0.5	0.5	0.5
ECB_01219	0	0	0	0	0
ECB_01313	3.5	1	0.5	0	0
ECB_01702	0	0.5	1	0.5	0.5
ECB_02091	0	0.5	1.5	0.5	1
ECB_02227	0	0	0	0	1.5
ECB_02338	0.5	0	1	0.5	0
ECB_03432	0	1.5	0.5	0.5	2
ECB_03519	0	1.5	1	0.5	0
ECB_03881	0	0	0	0	0
ECB_04054	0	0	0	0.5	0
ECB_04159	0	0.5	0	0	0.5
ECB_00041	1	0.5	1	0	1
ECB_00140	0.5	0.5	0.5	1	0.5
ECB_00222	0.5	1	0.5	0	1
ECB_00259	1	0	0	0	1
ECB_00296	2	0	0.5	0.5	0.5
ECB_00344	1	0	0.5	1	1
ECB_00378	0	0	0	0	0
ECB_00482	1	0.5	1	0	0.5
ECB_00718	0.5	0	0	0	0
ECB_00734	0	1	1	2	0
ECB_00898	0	0	0	0	0
ECB_01293	0	0	1	0.5	1.5
ECB_01378	0	0	0	0	0
ECB_01545	0.5	1.5	0	0.5	0.5
	1	0.5	0.5	0.5	1.5
ECB_01670	0	0	0.5	1	1
ECB_01856	1	1	1	0	0
ECB_01918	0	1	0	0.5	0.5
ECB_02033	3	2	0	0	0
ECB_02293	1	2	0	0.5	0
ECB_02346	0	0	0	0	0
ECB_02453	0	0	2	0.5	0
ECB_02703	0	0.5	0	1.5	0.5
ECB_02748	0	0.5	0	0	0
ECB_02975	0.5	1	0	1.5	1
ECB_03103	1.5	0	0	0	0
ECB_03181	0	0	0	0	0
ECB_03757	1.5	0.5	1	1.5	0.5
ECB_03955	0	0.5	0.5	0	0.5
ECB_04154	0	1	0	2	0
ECB_04222	0.5	0.5	1	0.5	0.5
ECB_01133	0	0	0	0	0
ECB_01152	0	0	0	0	0
ECB_00156	0.5	1	0.5	1	0.5
	0	1	1	2	0
ECB_00418	0.5	1	0.5	1.5	1
ECB_00584	0	0	0	0	0
ECB_00845	1	0	0.5	0	0.5
ECB_00999	0	0	0	0	0
ECB_01396	0	0	1	0	0
ECB_01556	0	0	1	1.5	0
	0	0	5.5	0.5	0
ECB_01797	2.5	0.5	0.5	0	0
ECB_01976	0	0	1	1	0
ECB_02061	0	0.5	0	1	0
ECB_02192	0.5	1.5	0.5	0.5	0
ECB_02379	0	0	0	0	0
ECB_02429	1.5	0	1	0.5	0
ECB_02504	0	0.5	1	0.5	0.5
ECB_02566	1	0.5	1.5	0	0.5
ECB_02736	2	0	0.5	0	0
ECB_02751	1.5	0.5	0	0.5	0
ECB_03007	0.5	1.5	1.5	0	1
ECB_03295	2	1	0.5	0.5	0
ECB_03515	1	1.5	0.5	0.5	0
ECB_03516	0	1	0	2	0.5
ECB_03563	0	0	0	0.5	0.5
ECB_03595	0	2	1.5	1	1
ECB_03724	1	0.5	0	1	0
ECB_03789	0	0	1	0.5	0
ECB_03871	1	1	0.5	0.5	0
ECB_03957	1	1.5	0.5	0.5	0.5
ECB_03994	0	1.5	0	1	0.5
ECB_04228	0	1	0.5	1	1
ECB_00143	1	0	0.5	0	0
ECB_00348	0	1	1	0	0
ECB_00398	0.5	0.5	0	0.5	0.5
ECB_00433	0	0.5	0.5	0.5	0
ECB_00874	0.5	0	1	1	1
ECB_00930	0	0.5	0	0.5	0
ECB_01000	0	0	0	0	0
ECB_01123	0.5	0.5	1	1	0
ECB_01384	0.5	0.5	0.5	0	0
ECB_01638	0	0.5	0.5	0	0
ECB_01870	0.5	1	0	0.5	0
ECB_02077	0	0	0	0	1
ECB_02128	2.5	0.5	0	0.5	0
ECB_02159	0	1	1.5	1	0.5
ECB_02374	0.5	0.5	2	0	0.5
ECB_02559	1	1	0.5	0.5	0
ECB_02701	0.5	0	0	1	0
ECB_02710	0.5	0.5	0.5	0.5	0
ECB_02835	0	0.5	0	0	0
ECB_02930	0	0	0.5	0.5	0
ECB_02949	0.5	1	0.5	0	0
ECB_03124	0	1	1.5	0.5	0.5
ECB_03176	0	0	0	0	0
ECB_03427	1.5	1.5	1.5	1.5	1.5
ECB_03440	2	0.5	0	0	0
ECB_03486	1.5	1.5	1.5	1.5	1.5
ECB_03542	0	1	0	0.5	1
ECB_03714	0.5	0.5	0	0.5	0.5
ECB_03833	0.5	1.5	1	0.5	0
ECB_03989	0	0.5	0.5	0.5	0.5
ECB_04116	0	0.5	0	1	2.5
ECB_04186	0.5	0.5	0.5	0.5	0.5
ECB_00441	0	0.5	0	0	0
ECB_00483	0	0	0	0	0
ECB_00227	3	2.5	0	0	0
ECB_00275	2	0.5	1	0	0.5
ECB_00278	1	1	1	0	0
ECB_00316	0	1	0	0.5	0
ECB_00337	1	0	0.5	0.5	1.5
ECB_00407	0	0	0.5	0.5	0
ECB_00427	0	0.5	0.5	1	0.5
ECB_00624	0.5	1.5	1	0	0.5
ECB_00944	0.5	0.5	0.5	0	0.5
ECB_00998	0.5	1	0.5	0.5	0.5
ECB_01275	1.5	0.5	0	0	0.5
ECB_01342	0	1	2	1	0
	0	0.5	0.5	0	1.5
ECB_01627	0	1.5	0	1	0.5
ECB_01712	1	0.5	0.5	0	0.5
ECB_01966	0.5	0.5	0	0	0
ECB_02004	1	0.5	0	0	0
ECB_02093	0	0	0.5	0	0
ECB_02383	0	0	0	0	0
ECB_02411	1	0.5	1.5	1	1
ECB_02533	0.5	0	0.5	0.5	0.5
ECB_02634	0.5	0.5	1	1	0.5
ECB_02649	0	0.5	0	2	0.5
ECB_02708	0.5	0	0	0	0.5
ECB_02869	0	0	0	0	0
ECB_03071	0	1	0	0	0
ECB_03225	0.5	1	0	0.5	1
ECB_03239	3	0	0	0	0
ECB_03536	2	0	0.5	0	0
ECB_03569	1.5	0	1.5	0	0
ECB_03732	0	1	0.5	0	0
ECB_03952	1	0	0.5	0.5	0
ECB_03970	1.5	1	0.5	0	0
ECB_03981	1	0	0.5	0.5	0
ECB_04073	0	0	0	1.5	1.5
ECB_04119	0	0	1.5	1	0
ECB_02863	0	0	0.5	0	0
ECB_00045	1.5	0.5	1	0.5	0
ECB_00138	0.5	0	0	0.5	0
ECB_00223	0.5	0	0	0.5	1
ECB_00249	0	0.5	0.5	2	0.5
ECB_00375	0	1	0	1	0
ECB_00376	0	0	1	1.5	0.5
ECB_00467	0.5	1	0	1	0.5
ECB_00525	0.5	0	0	1	0.5
ECB_00589	1	0.5	0.5	0	1
ECB_00775	0.5	0	0.5	0	0
ECB_00793	0.5	1.5	0.5	0	0.5
ECB_00904	0	0	0.5	1	1
ECB_00964	0.5	0	0	1	0.5
ECB_01025	0	0.5	0	0	0
ECB_01421	0.5	0	1	0	1
YP_003044682.1	0	0.5	0	0	0.5
ECB_01754	0.5	0	0.5	1	0.5
	0	1.5	0.5	0	1.5
ECB_01882	0.5	0.5	1	0.5	0
ECB_01949	0.5	0	0	0	0.5
ECB_01956	1	0	0	0	0.5
ECB_02119	0.5	0	0.5	1	0
ECB_02171	0	1.5	0.5	0	0
ECB_02274	0.5	1	1	0	0.5
ECB_02275	0	1	1	0.5	0
ECB_02430	0	0	0	0	0
ECB_02573	0.5	0.5	1	0	0
	0.5	1.5	1	0.5	0.5
ECB_02628	0.5	0	0	1	0
ECB_02759	0	0	2	2	0
ECB_02780	0.5	0	1.5	1.5	0.5
ECB_03011	1	0	0.5	0	0.5
ECB_03039	0	0	0	0	0
ECB_03098	0.5	1	0	0	0
ECB_03394	0	1	0.5	0	0
ECB_03504	0	2	0	1	0
ECB_03631	0	2	0	0	0
ECB_03762	0	0	1.5	0	0.5
ECB_03788	0	1	0.5	0	0
ECB_04203	0	0	0	0	0
ECB_00554	0	0	0.5	1.5	0.5
ECB_00813	0	0	0	0	0.5
ECB_02389	1	0	0	1	0
ECB_04279	0.5	0	0	0	0
	0.5	0	0	0	0.5
ECB_00106	0	0	1	0.5	0.5
ECB_00128	0	0	0.5	0	1
ECB_00581	1.5	1	0	0.5	0
ECB_00585	0	1.5	0	0	0
ECB_00676	1	0	0	0.5	0
ECB_00705	0	0	0.5	0	1.5
ECB_00724	0	0	0.5	0.5	1
ECB_00788	0	1	0	0.5	0
ECB_00832	0	1	0	0	1
ECB_00913	0	1	0.5	0	1.5
ECB_00987	0	0	0	1	1
ECB_01016	0.5	1	0	1	0.5
ECB_01092	1	0	0	0	0.5
ECB_01469	0	0	0	0	0.5
ECB_01493	0	0	0.5	0	0
ECB_01508	0	1	0.5	1	1.5
YP_003044719.1	0	0	0	0.5	0
ECB_01576	1	0	0	0.5	0.5
ECB_01660	0.5	0.5	0.5	0	0.5
ECB_01661	0.5	0	0.5	1	0.5
ECB_01663	1	0.5	0.5	1	0.5
ECB_01989	0	0	1	0.5	1
ECB_02146	0.5	1	1	0	0.5
ECB_02163	1	1	0	0	0
ECB_02290	0	0.5	0.5	0	1.5
ECB_02395	0	1	0	0.5	0.5
ECB_02560	0.5	0.5	0.5	1	0.5
ECB_02561	0	0	1	0.5	0.5
ECB_02564	1	1.5	0	0.5	0.5
ECB_02679	1.5	0.5	0	0.5	0
ECB_02696	0.5	0	0.5	2	0.5
ECB_02762	0	0	0.5	1	0
ECB_02819	0.5	0	0	0	1
ECB_02875	0	0	0	0.5	0
ECB_02921	0	0	0.5	0	1
ECB_02999	0.5	0	1	0.5	0.5
ECB_03144	1.5	0	1	0	0
ECB_03272	0	0	0	0.5	0.5
ECB_03273	1	1	0.5	0.5	0.5
ECB_03362	0	0	0	0	0
ECB_03452	1	1	0.5	0	0.5
ECB_03551	0.5	0.5	0	1	0.5
ECB_03651	1	0	0.5	0	0
ECB_03712	0	0.5	0.5	0.5	0
ECB_03723	0	1	0	1	0.5
ECB_03763	1	0.5	0.5	0	0
ECB_03942	1	0.5	1	0.5	0
ECB_03980	0.5	0.5	0	0.5	0
ECB_04063	0.5	0	1.5	0.5	0
ECB_04224	0.5	1	0.5	0.5	0.5
ECB_02055	0	0	0.5	0.5	0
ECB_03327	1	0	0	0.5	0.5
ECB_04185	1	0.5	0.5	0	0
ECB_00047	0.5	0.5	0	1.5	0.5
ECB_00204	0	0.5	0.5	0	0.5
ECB_00266	1	0.5	0.5	0.5	0
ECB_00271	0.5	0.5	0.5	0.5	0
ECB_00321	0	1	1	0.5	0
ECB_00452	0	0	2	0.5	0
ECB_00495	0	0	0.5	0	0
ECB_00583	0	0	0	0	0
	0.5	0	0.5	0.5	1
ECB_00674	0	0.5	0	0.5	1.5
	0.5	1	0	0	1
	0	0	0	0	0
ECB_00995	0	0.5	0.5	0	0
ECB_01024	0	0	0	0.5	1
ECB_01201	0	0	0	0	1
ECB_01204	0	0	1	0.5	3
ECB_01291	0	0.5	0.5	0.5	0.5
ECB_01295	0.5	0	0.5	0.5	0
ECB_01412	1	0.5	0	0.5	1
ECB_01413	0.5	1.5	0.5	0	0
ECB_01455	0.5	0	0	0	0
	0	0	1.5	0.5	0.5
ECB_01590	0	0.5	0	0.5	0
ECB_01677	0.5	0.5	0	1	1
ECB_01713	0	0.5	0	1.5	0.5
ECB_01913	0.5	1.5	0	0.5	0.5
ECB_02095	0.5	0.5	1	0	0
ECB_02139	0	0	0.5	0.5	0.5
ECB_02140	0	0	0	0.5	0.5
ECB_02156	0	0.5	0.5	0.5	0
ECB_02357	0	0	1	0	0.5
ECB_02378	0	0.5	0.5	0.5	0
ECB_02440	0	0	0.5	0	1
ECB_02581	0.5	1	0	0	0.5
ECB_02689	0	0.5	0	1.5	1
ECB_02856	0	0	0	1	0
ECB_02883	0.5	0	0.5	0	0
ECB_02997	0	0	0	0	0
ECB_03020	0	0	0	0	0
ECB_03335	1	0	1	0	0.5
ECB_03523	0	1	0	0	0
ECB_03704	0.5	1.5	0	0	0
ECB_03759	0	0	1	1	0
ECB_03786	0	0	1	0	0
ECB_03903	1	1.5	0.5	0	0
ECB_03985	0.5	0.5	0.5	0	0
ECB_04072	0	1	0	0.5	0
YP_003047247.1	0.5	0	0	0	0.5
ECB_04080	0.5	0	0	0.5	0
ECB_01666	0.5	0	1	0.5	0.5
ECB_02295	0	0	0.5	0	0
ECB_03196	0	0	0	0	0
	0	0	0.5	0	1.5
ECB_00051	0	0	0.5	1.5	1.5
ECB_00072	0	0	0	1	0.5
ECB_00110	0.5	0	0	0.5	1.5
ECB_00226	0.5	0	1	0	0
ECB_00243	0	1.5	1	0	0
	1	0	0	1	0
ECB_00464	0	1	0.5	0	0
	0.5	0	0.5	0	0
ECB_00678	0	0	0	0	0
ECB_00722	0	1	0.5	0	0.5
ECB_00791	0.5	0	0	0.5	1
ECB_00800	0	0	0	1	0
ECB_00809	1	0	0	0	0
ECB_00825	1	0	0.5	1.5	0.5
ECB_00831	0	2	0	0.5	0.5
ECB_00843	0	0	0	1.5	0
ECB_00986	0.5	0.5	0.5	0	0
ECB_01138	0	1	1	0	0.5
ECB_01143	0	0.5	0.5	0.5	0.5
ECB_01664	0	0.5	0.5	0	0
ECB_01703	0	1	0.5	0.5	0
ECB_01743	0	0	0	0	0
ECB_01879	0	1.5	0	0.5	0
ECB_02049	0	0	1.5	0	0
ECB_02123	0	0	0	0	0
	0	0.5	0.5	1.5	0.5
ECB_02187	0.5	0	0	0	0.5
ECB_02396	0	0	0	0	0
ECB_02439	0.5	0.5	0.5	1	0.5
ECB_02580	1.5	1.5	1.5	1.5	1.5
ECB_02704	1	0.5	0.5	0	0
ECB_02831	1	0.5	0.5	0.5	0
	0.5	0.5	0.5	0.5	0.5
ECB_02931	1	1.5	0	0	0
	0	0.5	2.5	1	0
ECB_02977	0.5	0	1	1	0
ECB_03003	0	0.5	0	0.5	0.5
ECB_03008	0.5	0	0.5	1	0
ECB_03012	0.5	0	0	0	0
	0.5	0	1	0.5	0.5
ECB_03223	0	0.5	0	0	1
ECB_03265	0	0	0.5	0.5	0
ECB_03271	0	1	0.5	0	0
ECB_03279	0.5	0	0	0	0.5
ECB_03326	0	0.5	0	1	0.5
ECB_03338	0.5	0.5	1	0.5	0
ECB_03381	0	0.5	0.5	0.5	0
ECB_03431	0	0.5	0.5	0	0.5
ECB_03434	0.5	0	0	0.5	0.5
ECB_03435	0	0.5	0	0.5	1.5
ECB_03438	0.5	1	0	0	0.5
ECB_03502	0.5	1	0.5	0.5	0
ECB_03579	0.5	0.5	0	1	0
ECB_03603	0	1.5	0.5	0.5	0
ECB_03622	0	0.5	0	0	0
ECB_03715	0	0.5	1	0.5	0.5
ECB_03767	0	0	0.5	0.5	0
ECB_03910	1	0.5	0.5	0	0
ECB_03983	0	0	0	1.5	0
ECB_04064	1	0.5	0.5	0	1
ECB_04130	5	5	5	5	5
ECB_04274	0	0.5	0	0	0
ECB_01346	2	0	0	0	0
ECB_02984	0.5	0	0	0.5	1
ECB_04202	0	1	0.5	0	0
ECB_00957	0	0	0	0	0
ECB_00062	0	0.5	1	0	1
ECB_00257	0	0	0.5	0	0.5
ECB_00269	0	1	0	0.5	0
ECB_00459	0	0	0	0	0
ECB_00500	0	0	0	0	0
ECB_00744	0	0	0.5	0	0.5
ECB_00782	0	0	0	0	0
ECB_00900	0	0	0	0	0
ECB_00978	0	0	0	0	0
ECB_01026	0	0	0	0	0.5
ECB_01318	0	0	0	0	0
ECB_01365	0	0	1	0	0
ECB_01562	0	0	0	0.5	1.5
ECB_01602	0	0	1	0.5	0
ECB_01604	1	0	0.5	0	0
ECB_01630	0	0	0	0.5	0.5
ECB_01658	0	0	1.5	0.5	0
ECB_01704	0	0	0	0	0.5
ECB_01741	0.5	0.5	0.5	0	0.5
	0	0	1	0	0
ECB_01769	0	1	0	0.5	0
ECB_01785	0	0	0	1	0
ECB_01836	0	0	0.5	0	0
ECB_01855	3	0	0	0	0
ECB_01859	0	1.5	0.5	0.5	0
ECB_01884	0.5	0	0	0.5	1
	0.5	0	0.5	0	1.5
ECB_01930	0	0.5	0	1	0.5
ECB_02230	0	0.5	0	1	0
ECB_02319	0	0.5	1.5	0	0
ECB_02510	0	1	0.5	1	0.5
ECB_02516	0.5	0	0.5	0	0
	0.5	0.5	0.5	0	0.5
	0	0.5	1	0.5	0
ECB_02698	0.5	0.5	0	0.5	0.5
	2.5	0	0.5	0.5	0.5
ECB_02849	0	0	0	0	0
ECB_02850	0	0	0	0	0.5
ECB_02858	0	0	0.5	1	0
ECB_02870	0	0.5	0.5	0	0
ECB_02919	0	0	0.5	0	0
ECB_02933	0	0	1	0	1
YP_003046173.1	0	0	1	0	0.5
	0	0	0.5	0	2
ECB_03073	0.5	0.5	0	0	0
ECB_03084	0	0	0.5	1	0
	0	0.5	1	0	0
ECB_03243	1	0	0.5	0	0
	0	0.5	0.5	0.5	1
ECB_03366	0.5	0	0.5	0	0.5
ECB_03420	0	0.5	0.5	0	0
ECB_03520	1	0	1.5	0	0
ECB_03548	0	0	0.5	0	0
ECB_03552	0	1	0	1	0
ECB_03577	0.5	1	0	0	0.5
ECB_03588	0	0	0	0	0
ECB_03627	0.5	0	0	0	0.5
ECB_03629	0.5	0.5	1	0	0.5
ECB_03721	0.5	0	0	0	0.5
ECB_03766	0	0	1	0.5	0
ECB_04001	1	0	0	0.5	0
ECB_04133	0.5	0	0	0.5	0.5
ECB_04136	0.5	0	1	0	0
ECB_04190	0.5	0.5	0.5	0	0
ECB_04199	0.5	0.5	0	0	0
ECB_04206	0	0	0	0.5	0
ECB_00244	0.5	0	0.5	0.5	0
ECB_00457	0	0.5	0.5	0	0
ECB_00908	0.5	0.5	0	0	0
ECB_02797	0	0	0	0	0
ECB_03900	0.5	0.5	0	0.5	0.5
ECB_02848	0	0	0	0	0
	0	0.5	0	0	0
ECB_00068	0	0	1	0	0.5
	0	0	0.5	0.5	0.5
	0	0	0	0.5	1
ECB_00270	0	0.5	0.5	0	1
	0	0.5	0	0.5	0
ECB_00430	0	0.5	0.5	0.5	0
	1.5	1	0	0	0.5
	1.5	0	0	0.5	0
ECB_00666	1	0.5	0	0	0
ECB_00736	0	0.5	0	0	1
	0	0.5	0.5	0.5	0
	0	0.5	1	0.5	0.5
ECB_00853	0.5	0	0.5	0.5	0
ECB_00903	0.5	0	0	0	0
ECB_00940	0	0	0.5	1	0
ECB_00985	0	0.5	0	0	0
	0.5	0	1	0	1
ECB_01159	0	0	0	0.5	0
ECB_01357	0	0	1	0	0.5
ECB_01390	0	0	0.5	0.5	0
YP_003044637.1	0	0	0.5	0	0
ECB_01433	0	0	0	0	0
ECB_01473	0	0	0	0.5	0
ECB_01536	0	0	0	0	0.5
ECB_01550	0	0	0	0	0
ECB_01668	0	0	0.5	0.5	0.5
ECB_01680	0	0	0	0	0.5
ECB_01753	1	0	0	0.5	0
ECB_01759	0	0	0	0.5	0
ECB_01771	0.5	0	1	0	0
ECB_01857	0	0	0	0	0
ECB_01953	0	0.5	1	0	0
ECB_01963	0	0.5	0.5	0	0.5
ECB_01974	0	0.5	0	1	0
YP_003045182.1	0.5	0	0	0.5	0
ECB_02015	0	0	0	1	0
	0.5	0.5	0	1	0.5
ECB_02068	0	0	0.5	0	0
ECB_02089	0	0	0	0	0
ECB_02217	0	0	0.5	0	0.5
ECB_02294	0	1	0	0	0.5
ECB_02303	0	0.5	0	1	0
ECB_02464	0	0	0	0	1
ECB_02511	1	0.5	0	0	0.5
ECB_02636	0	0.5	0	0	0
	0.5	0	0.5	0.5	1.5
ECB_02754	0	0.5	0	0	0
ECB_02861	0	0	0	0.5	1
ECB_02874	1	0	0	0	0.5
ECB_02941	0.5	0	0	0	0.5
ECB_02962	0	0	1.5	0.5	0
ECB_02992	0.5	0	0.5	0.5	0
ECB_03325	0.5	0	0	0	0
ECB_03329	0.5	0	0	0	0
ECB_03357	0	0.5	0	0	0
ECB_03393	0.5	0	0	0	0
ECB_03397	0	0.5	0.5	0.5	0.5
	3	0.5	0	0	0
ECB_03444	0	0	0	1	0.5
ECB_03546	0.5	0	0.5	0.5	0
ECB_03550	0	0	0	0.5	0
ECB_03602	0	0	1	0	0
ECB_03606	0.5	0	1	0	0
ECB_03676	0.5	0	0	0	0
ECB_03695	0.5	0	0	0.5	1
ECB_03713	0.5	0	0.5	0	0
ECB_03720	0	0.5	1	0	0
ECB_03781	0	0	0	0	0.5
ECB_03866	0	1	0	0	0
	1.5	0	1	0	0
ECB_03962	1.5	0	0	0	0
ECB_04049	0	0	0.5	0	1.5
ECB_04076	0.5	0	0.5	0	0
ECB_04140	0	0	0	0.5	0
ECB_04158	0.5	0	2	0.5	0
ECB_04233	0.5	0.5	0	0.5	1
	0	0.5	0.5	0.5	0
	0	0	0.5	0.5	1
ECB_00863	0	0.5	0.5	0	0
ECB_00878	1	0	0.5	0.5	0
ECB_01018	0.5	0	0	0	0
ECB_01231	0	0	0	0	0
ECB_01424	1	0	0.5	0	0
ECB_01853	0	0	0	0	0
ECB_01886	0	1.5	0	0.5	0
ECB_02182	0	0.5	1	0	0.5
ECB_02196	0	0	0.5	0	0
ECB_02308	0	0	0	0.5	0
ECB_02623	0	0	0	0	0
ECB_03135	1	0	0.5	0	0
ECB_03229	0.5	0.5	0	0	0.5
ECB_03230	0	0.5	0.5	0	0
ECB_03433	0	0	0	0	1
ECB_04004	0	0.5	0	0.5	0
ECB_04205	0	0	0	0.5	0
ECB_00917	0	0	0	0	0
ECB_01029	0	0	0	0	0
ECB_00038	0.5	0	1	0	0
ECB_00043	0.5	0	0	0	0
ECB_00203	0	0	1	0	1
ECB_00251	0	0.5	0	0	0.5
ECB_00439	0	0	0	0.5	0
YP_003043713.1	0	0	0	0.5	0
ECB_00490	1	0	0	0	0
ECB_00502	0.5	0	0	0.5	0
ECB_00580	0.5	0.5	0.5	0	0.5
ECB_00598	0	0	0.5	0	0
ECB_00615	0	0	0	0	0
	1	0.5	0	0.5	0.5
ECB_00738	0	0	0	1	0
ECB_00748	1	0.5	0	0	0
	0	0	1.5	0	0.5
ECB_00810	1	0.5	0	0	0
ECB_00939	0	0.5	0	0.5	0
ECB_00942	0	0	0	0	0.5
ECB_00943	0.5	0	0.5	1	0
ECB_00977	0.5	0	0.5	0	0.5
ECB_01286	0.5	0.5	0.5	0	0
ECB_01294	0	0	0	0	0
ECB_01308	0	0	0.5	0	0
ECB_01314	0	0	0	0	0
ECB_01355	0	0	0	0.5	0
	0	0	1.5	0	0
ECB_01474	0	0	0	0	0
ECB_01486	0	0	1.5	0	0.5
ECB_01553	0.5	0.5	0	0	0
ECB_01589	0	1	0	0	0
	0.5	0	1	1	0.5
ECB_01711	0.5	0.5	0.5	0	0
ECB_01725	0	0	0.5	0.5	0.5
	0	0.5	0	0.5	0
ECB_01791	0	0	0	0	1
ECB_01814	0	0	0	1	0
	0	0	1	0	0.5
	0.5	0	1	0	0
	0.5	0.5	1	0.5	0
	0.5	0	0.5	0.5	0
YP_003045194.1	0	1.5	0.5	0.5	0
ECB_02017	0	0	0	0.5	0.5
ECB_02026	0	0	0.5	0	0
ECB_02029	0.5	1	0	0	0.5
ECB_02048	0	0	0.5	1	0
ECB_02090	0	0	0	0.5	0
ECB_02138	0.5	0.5	0	0.5	0
ECB_02149	0	0	0	0	0
ECB_02153	0	0.5	0.5	0.5	0
ECB_02181	0	0	0.5	0	0.5
ECB_02199	0.5	0	0	0	0
ECB_02203	0	0	0	0	0.5
ECB_02223	0	0	0.5	0	0.5
ECB_02437	0	0	0	0	0
ECB_02471	0	0.5	0	0.5	0.5
	0.5	0	1.5	0	0
ECB_02589	0.5	0.5	0	0	0
ECB_02603	0.5	0	0	0	0.5
ECB_02611	0	0	0	0.5	1
ECB_02656	0	0.5	0	0	0
	0	0.5	0.5	1	0.5
ECB_02712	0	0	0	0.5	0
	0.5	0	0	0.5	0.5
ECB_02761	3	3	3	3	3
ECB_02821	0	1.5	0	0	0
ECB_02837	0.5	0	0	0.5	0
ECB_02855	0	0	0.5	0	0.5
ECB_02916	0	0	0	0	0.5
ECB_02917	1	0	0.5	0	0
ECB_03100	0	0	0	0	0.5
ECB_03128	0.5	0	0.5	0	0
ECB_03174	0	0	0	0	0
	0	0.5	0.5	0	0.5
ECB_03413	0.5	0	0	0.5	0
ECB_03449	0.5	0	0	0	0
ECB_03541	0	1	0.5	0	0
ECB_03543	0.5	0	0.5	0.5	0
ECB_03553	0.5	0	0	1	0
ECB_03566	0	1	0.5	0	0
ECB_03592	1	0	0.5	0	0.5
ECB_03594	0	0	0.5	0	0.5
ECB_03600	0.5	0.5	0	0	0
ECB_03706	0	0	0	0	0.5
ECB_03742	0.5	0	0	0	0
ECB_03875	1.5	0	0	0	0
ECB_03938	1	0	0.5	0.5	0
ECB_03946	0	0	1	0	0
ECB_03956	0	0.5	0.5	0.5	0
ECB_03967	0.5	0.5	0	0	0
ECB_04003	0	0.5	0	0.5	0
	0.5	0.5	0.5	0	0.5
ECB_04242	0.5	0.5	0.5	0	0
ECB_00152	0	0	0	0	0.5
ECB_00303	2	2	2	2	2
ECB_01472	0.5	0	0	0	0
ECB_01768	0	0.5	0.5	0	0
ECB_01902	0	0	0	0.5	0
ECB_02001	0	0	0	0	0.5
ECB_02277	0	0	1	0	0
ECB_02284	0	0	0.5	0.5	0
ECB_02307	0.5	0	0	0	0
ECB_02324	0	0	0	0	0
ECB_02340	0	0	0	0.5	0
ECB_03761	0	0	0	0	0
ECB_03976	0	0	0.5	0	0
ECB_04062	0	0	0.5	0.5	0
ECB_01904	0	0	0	0	0
ECB_00209	0	0	1	0	0.5
ECB_00274	0	0	0	0.5	0
ECB_00379	0	0.5	0	0	0.5
ECB_00380	0	0	0	0.5	0
ECB_00469	0	0.5	0.5	0.5	0.5
	0	0	1.5	0	0
	0	0.5	1	0.5	0
ECB_00621	0.5	0	0	0	0
ECB_00723	0	0	0.5	0	0
YP_003043948.1	0	0	0	0.5	0
ECB_00801	0	0	0.5	0	0
YP_003044059.1	0	0	0.5	0	0
ECB_00946	0	0.5	0	0.5	0
ECB_00954	0	0	0	0.5	1
ECB_00968	0	0	0.5	1.5	0
ECB_01013	0	0	1	0.5	0
	0	0	1.5	0.5	0
ECB_01061	0	0	0	0	0.5
ECB_01181	0.5	0	0.5	0	0
ECB_01255	0.5	0	0	0	0
ECB_01270	0	0	0.5	0	0.5
ECB_01292	0	0	0	0	0
ECB_01315	0	0	0	0	0
	0.5	0	0.5	0	0
ECB_01361	0	0	1	0	0
	0.5	0	0	0.5	0
ECB_01386	0	0.5	0	1	0
ECB_01442	0	0.5	0	0	1
ECB_01478	1	0	0	0	0
ECB_01489	0	0.5	0	0	0
ECB_01567	0	0	0	0	0
ECB_01615	0	0	0.5	0	0
	0	1	0	0	0
	0	0.5	0.5	0	0
ECB_01745	0	0	0	0	0
ECB_01804	0	0	0	0	0
ECB_01840	0	0	0	0.5	0
ECB_01860	0.5	0	0	1	0
	0	0.5	0	0	0
ECB_01959	1	0.5	0	0	0
ECB_01962	0.5	0	0	0	0
ECB_02008	0	0	0.5	0	0.5
ECB_02019	0	0.5	0.5	0	0.5
ECB_02051	0	0.5	0	0.5	0
ECB_02263	0	0.5	0	0	0
ECB_02285	0.5	0	0.5	0	0
ECB_02297	0	1	0	0.5	0
	0	0	0.5	0.5	1
ECB_02327	0.5	0	0	0.5	0
ECB_02381	0	0	0	0	0
ECB_02435	0.5	0	0	0	0
	0.5	0.5	1	0	0
ECB_02494	0	1	0	0	0.5
ECB_02519	0.5	0	0	0.5	0
	0	0	2	0	0
	0	0.5	0.5	0.5	0.5
	0	0.5	0	0	0.5
ECB_02579	0	0.5	0.5	0	0
ECB_02590	0	0.5	0	0	0.5
	0.5	0	0	0.5	0.5
ECB_02705	0	0.5	0	0.5	0
ECB_02706	0	0	0.5	0	0
ECB_02717	0	0.5	0	0.5	0
	0	1.5	0.5	0	0
YP_003045991.1	0	0.5	0	0	0.5
	0	0	0.5	1	0
ECB_02853	0	0.5	0	0	1
ECB_02857	0	0.5	0	0	0
	0.5	0	0.5	0.5	0.5
ECB_02871	0	0	1	0	0
	0.5	0	0	0	0
ECB_02955	0	0	0.5	0	0
ECB_03026	0	0	0.5	0	0
ECB_03246	0.5	0	0	0.5	0
ECB_03364	0	0	0	0.5	0.5
ECB_03370	0	0	0	0.5	0.5
ECB_03439	0	0	1	0.5	0
ECB_03561	1.5	0	0	0	0
ECB_03607	0.5	0.5	0	0.5	0
	0	0	0	0.5	0.5
ECB_03709	0	0	0	0	0
ECB_03747	0	0.5	1	0.5	0
ECB_03758	0	0	0.5	0.5	0
ECB_03765	0.5	0	1	0	0
ECB_03771	0	0	0	0	0
	0	0.5	0	0	0
ECB_03785	0	0	0.5	0	0
	0	1	0.5	0	0
ECB_03835	0	0	0	0.5	0
ECB_03939	0	0.5	0	0.5	0.5
ECB_03943	0	0	0	0.5	1
ECB_03953	0	0	0	0	0
ECB_03958	0	0.5	0	0.5	0.5
	0	0.5	0	0.5	0.5
ECB_03995	0	0.5	0.5	0	0
ECB_04033	0	0	0	0	0
ECB_04050	0	0	0.5	0	0.5
ECB_04165	1	0	0	1	0
ECB_04169	0	0.5	0	0	0
	0	1	0	0	0
	1	0	0.5	0	0
ECB_04235	0	0	0	0	0
ECB_00206	0	0	1	0	0
ECB_00247	0	0.5	0	0	0
ECB_01600	0	0	0	0	0.5
	0	0	0.5	1	0
ECB_01883	0	0	0	0.5	0
ECB_01955	0	0	0	0	0
ECB_02012	0	0	0	0	0
ECB_02102	0	0	0	0	0
ECB_02177	0	0	0	0	0
ECB_02179	0	0.5	0	0	0
ECB_02433	3	3	3	3	3
ECB_02585	0	0	0	0	0
ECB_02720	0	0	0	0	0
	0	0	0	0.5	0.5
ECB_02982	0.5	0	0	0	0
ECB_03018	0.5	0	0.5	0.5	0
ECB_03082	0	0	0	0	0.5
ECB_03450	0	0.5	0	0	0
ECB_03783	0.5	0	0	0	0
ECB_03790	0	0.5	0.5	0	0
ECB_04051	0	0	0.5	0	0
ECB_04221	0	0	0	0	0
ECB_01419	0	0	0	0	0
ECB_01834	0	0	0	0	0
ECB_02877	0	0	0	0	0
ECB_03334	0	0	0	0	0
	0.5	0	0	0	0.5
ECB_00098	0	0.5	0	0.5	0
	0	0.5	0.5	0	0.5
ECB_00116	0	1	0.5	0	0
	0	0.5	0.5	0	0
ECB_00139	0.5	0.5	0	0	0.5
ECB_00252	0.5	0	0.5	0	0
	0	0.5	0	0	0.5
	1	0	0.5	0	0
ECB_00322	0	0	0.5	0	0
ECB_00324	0	0	0.5	0	0
	0	0.5	0.5	0.5	0
ECB_00360	0	0	0	0.5	0
	0	0	0.5	0.5	0
ECB_00474	1.5	1.5	1.5	1.5	1.5
ECB_00516	0	0	0	0	0
ECB_00521	0	0.5	0	0	0
ECB_00549	0	0.5	0.5	0	0
	0.5	0	0	0	0.5
ECB_00638	0	0	1	0	0
ECB_00639	0	0.5	0	0	0
	0	0.5	0	0.5	0.5
	0	0.5	0.5	0	0
	0	0	0	0.5	1
ECB_00721	0	0.5	0	0	0
	0	0	1	0	0
ECB_00777	0	0.5	0	0	0.5
	0	0.5	1	0.5	0
ECB_00945	0	0.5	0	0	0
	0	0.5	0.5	0.5	0
ECB_01106	0.5	0	0.5	0	0
ECB_01273	0	0	0	0	0.5
	0	0	0.5	0.5	0
	0	0	0.5	0.5	0
ECB_01395	0.5	0.5	0	0	0
ECB_01494	0	0	0.5	0	0.5
	0	0	0	1	0
ECB_01597	0	0.5	0	0	0
	0	1	0	0.5	0
ECB_01648	0	0	0	0	0
	0	0	1	0	1
ECB_01667	0	0	0	0.5	0.5
ECB_01731	0	1	0	0	0
ECB_01740	0	0	0	0	0
	0	0.5	0	0	1
ECB_01773	0	0	0	0	0
ECB_01809	0	0	0	0.5	0
	1.5	0	0	0	0
YP_003045184.1	0	0	0	0	0
	0	0	0.5	0	0
ECB_02129	0	0	0	0	0
ECB_02170	0	0	0	1	0
ECB_02201	0	0	0	0	0
ECB_02283	0	0.5	0	0	0
	0.5	0	0.5	0	0
ECB_02348	0	0	0	0	0
	0	0	0.5	0.5	0.5
	0	0.5	0.5	0	1
ECB_02427	0	0	0	0	0
ECB_02644	1	1	1	1	1
ECB_02680	0.5	0.5	0	0	0
ECB_02688	0	0	0.5	0	0.5
ECB_02697	0	0.5	0.5	0	0
ECB_02760	0.5	0	0	0.5	0
	0.5	1	0.5	0	0
	0	1	0	0.5	0
ECB_03004	0	0	0.5	0	0
ECB_03025	0	0.5	0	0	0.5
ECB_03116	0	0	0	0.5	0
ECB_03120	0	0	0	0	0.5
	1	0.5	0	0.5	0
ECB_03178	0	0	0	0	0
ECB_03224	0	0	1	0	0
ECB_03235	0.5	0.5	0	0.5	0
	0	0	0.5	0.5	0
ECB_03436	0	0	0	0	0
ECB_03437	0.5	0	0.5	0	0
	0	0	1	0	0
ECB_03512	0	0	0.5	0	0
ECB_03598	0	0.5	0	0.5	0
ECB_03691	0	0	0.5	0	0
ECB_03702	0.5	0	0	0	0
ECB_03739	0.5	0	0	0	0
ECB_03764	0	0.5	0	0	0
ECB_03795	0.5	0.5	0	0	0
ECB_03834	0	0.5	0	0	0.5
	0	0.5	0	0	0.5
	0.5	1	0	0	0
	0	0	0.5	0	0
ECB_04060	0.5	0	0	0	0
ECB_04097	0	0.5	0	0	0
	0	0	0.5	0	0
ECB_04162	0.5	1	0	0	0
ECB_04182	0	0	0	0.5	1
ECB_04187	0	0	0.5	0	0.5
	0.5	0	0	1	0.5
ECB_04211	0.5	0	0	0	0
	0	0	0	1	0
ECB_00134	0	0	0	0	0.5
ECB_00163	0	0	0	0.5	0
ECB_00395	0	0	0	0	0
ECB_00481	0	0	1	0	0
	0	0.5	0	0	0
ECB_00570	0	0	0	0.5	0
	0	0	0	0.5	0
ECB_00650	0	0	0	0	0.5
ECB_00690	0	0	0	0	1
	0.5	0	0.5	0.5	0
ECB_00975	0	0	0	0	0
ECB_01229	0.5	0.5	0	0	0
ECB_01272	0	0.5	0	0	0
YP_003044544.1	0	0	0	0	0
ECB_01405	0	0	0.5	0	0
	0	0.5	0	0	0.5
ECB_01463	0	0	0	0	0
ECB_01564	0	0	0	0	0
ECB_01585	0	0.5	0	0	0
ECB_01657	0	0	0	0	0.5
ECB_01978	0.5	0	0	0	0
ECB_02075	0	0.5	0	0	0
ECB_02076	0	0	0	1	0
ECB_02094	0	0	0	0	0
ECB_02110	0	0	0	0	0
ECB_02257	0	0	0	0	0
ECB_02278	0	0	0	0	0
ECB_02292	0	0	0	0	0.5
ECB_02342	0	0	0	0.5	0
ECB_02434	0	0.5	0	0	0
ECB_02509	0	0	0	0	0.5
ECB_02512	0	0.5	0	0	0
	0.5	0.5	0	0	0
ECB_02707	1	0	0	0	0
ECB_03123	0	0.5	0	0	0
ECB_03461	0	0.5	0	0	0
YP_003046709.1	0.5	0	0	0	0
ECB_03668	0	0	0	0	0
ECB_03675	0	0	0.5	0.5	0.5
ECB_03990	0.5	0	0	0	0
ECB_04048	0	0	0.5	0	0
YP_003047306.1	0	0	0	0	0
ECB_04232	0	0	0	0	0
ECB_00248	0	0	0	0	0
YP_003044034.1	0	0	0	0	0
ECB_02073	0	0	0	0	0
ECB_02882	0	0	0	0	0
ECB_03245	0	0	0	0	0
ECB_00007	1	0	0	0	0
ECB_00016	0.5	0	0	0	0
ECB_00025	0	0	0	0	0
	0.5	0	0	0	1
ECB_00044	0	0	0	0	0
	0.5	0.5	0	0	0
	0.5	0	0	0	0
ECB_00146	0	0	0	0.5	0.5
	0.5	0	0	0	0
ECB_00283	0.5	0	0	0	0
ECB_00285	0	0	0.5	0.5	0
ECB_00381	0	0	0	0	0
ECB_00471	0	0	0	0.5	0.5
ECB_00477	0	0	0	0	0
	0	0	0	0	0
	0.5	0	0	1	0
ECB_00537	0	0.5	0	0	0.5
ECB_00543	0	0.5	0.5	0	0
	0	0	0	0.5	0
	0.5	0	0	0	0
ECB_00614	0	0	0	0	0
ECB_00622	0	0	0	0.5	0
ECB_00726	0	0	0.5	0	0
ECB_00728	0	0	0	0.5	0
	0	0	0	1	0
	0	0.5	0	0	0.5
ECB_00840	0	0	0	0.5	0
ECB_00847	0	0	0.5	0	0
ECB_00902	0	0	0	0.5	0
ECB_00948	0.5	0	0	0	0
ECB_00962	0	0.5	0	0	0
ECB_01009	0	0	0	0	0
ECB_01102	0	0	0	0	0
	0	0	0.5	0	0.5
	0	1.5	0	0	0
ECB_01335	0.5	0	0	0	0
	0	0	0	0	0
ECB_01462	0	0	0	0	0
ECB_01490	0	0.5	0	0	0
ECB_01517	0	0	0	0	0.5
	0.5	0.5	0	0	0
ECB_01523	0.5	0	0	0	0
ECB_01528	0	0	0	0.5	0
	0.5	0	0	0	0
	0	0	0.5	0	1
	0.5	0.5	0	0.5	0
	0.5	0.5	0	0	0
ECB_01766	0	0	0.5	0.5	0
ECB_01830	0	0.5	0	0	0
ECB_01911	0	0	0	0	0
	0	0	0	1	0
	0.5	0	0.5	0	0
ECB_01996	0	0	0	0	0
ECB_02018	0	0	0	0	1
	0.5	0	0	0.5	0
ECB_02052	0	0	0	0	0
ECB_02065	0	0	0.5	0	0
ECB_02071	0.5	0	0	0	0
ECB_02081	0	0	0	0	0
ECB_02092	0	0	0	0.5	0
	0	0.5	0	0	0
	1	0	0	0	0.5
ECB_02166	0	0.5	0	0	0
	0.5	0	0.5	0	0
	0	0	0	0.5	1
	0	0	1	0.5	0
	0	0.5	0	0	0
ECB_02329	0	0	0	0.5	0
ECB_02377	0.5	0	0	0	0.5
	0	1	0	0.5	0
	0	0.5	0	0	0.5
	0	0	0	1	0.5
ECB_02570	0.5	0	0	0	0
ECB_02672	0.5	0	0.5	0	0
ECB_02715	0	0.5	0	0	0
ECB_02749	0	0	0	0.5	0
	0.5	0	0	0	0.5
ECB_02828	0	0	0	0	0.5
	0.5	0	0.5	0.5	0
	0	0	0	0	0.5
ECB_02887	0	0.5	0.5	0	0
ECB_02915	0	0	0.5	0	0
	0	0.5	0	0	0
	0	0	0	0	0
	0	0	0	0	0
	0	0.5	0.5	0	0.5
ECB_03256	0	0	0	0	1
ECB_03263	0	0	0	0.5	0.5
ECB_03301	0	0	0	0	0
	0	1.5	0	0	0
ECB_03343	0	0	0	0.5	0
ECB_03353	0	0	0	0	0
ECB_03390	0	0	0	0	0
	0	0	0.5	0.5	0.5
ECB_03442	0	0.5	0.5	0	0
ECB_03473	0.5	0	0	0	0
	0	0	0	0.5	0
	0	0.5	0	0	0.5
	0	0	0	0	0.5
ECB_03573	0	0	0	0	0
ECB_03604	0	0	0	0	0
	0	0.5	0	0	0
	0	0	0	0	0
ECB_03748	0	0	1	0	0
ECB_03760	0.5	0	0	0	0
ECB_03784	0	0	0	0	0
	0	0	0.5	0	0
ECB_03815	2	2	2	2	2
ECB_03820	0.5	0.5	0	0	0
ECB_03857	0	0	0	0	0
	0	0	0.5	0	0
	0	0	0.5	0	0
	0	0	0	0.5	0.5
	0	0	0	0.5	0
	0	0	0.5	0.5	0
YP_003047169.1	0	0	0.5	0	0.5
ECB_04015	0	0.5	0	0	0
ECB_04056	0	1	0	0	0
ECB_00013	0	0	0	0	0
YP_003043256.1	0.5	0	0	0	0.5
ECB_00228	0	0	0	0	0.5
ECB_00231	0	0	1	0	0
ECB_00297	0	0	0	0	0
	0.5	0.5	0	0.5	0
ECB_00458	0	0	0	0.5	0
	0	0.5	0	0.5	0
	0.5	0.5	0	0	0
ECB_00520	0	0	0	0	0
ECB_00557	0	0	0	0	0
	0	0	0	0	0
ECB_00620	0	0	0	0	0.5
ECB_00651	0	0	0	1	0
ECB_00695	0	0	1	0	0
ECB_00804	0	0	0	0.5	0.5
ECB_00808	0	0	0	0	0.5
ECB_00812	0	0	0.5	0	0
ECB_00818	0	0	0	0	0
ECB_00819	0	1	0	0	0
ECB_00877	0	0	0	0	0
	0	0.5	0	0.5	0
ECB_01232	0.5	0	0	0.5	0
ECB_01441	0.5	0	0	0	0
	0	0	0.5	0.5	0.5
YP_003044742.1	0	0	0	0	0
ECB_01618	0	0	0	0	0
	0.5	0.5	0	0.5	0
ECB_01827	0	0	0	0	0
ECB_01952	0	0	0.5	0	0
	0.5	0.5	0	0	0
ECB_01999	0	0	0	0	0
ECB_02059	0	0	0	0	0
	0	0	0	0.5	1
ECB_02130	0	0	0	0	0
ECB_02183	0	0	0	0.5	0
ECB_02352	0	0	0	0.5	0
ECB_02536	0	0	0	0	0
ECB_02619	0	0	0	0	0
ECB_02641	0.5	0	0	0	0
ECB_02764	0	0	0.5	0	0.5
ECB_02820	0	0	0	0	0
ECB_02868	0	0	0.5	0	0.5
ECB_02959	0	0	0.5	0	0
ECB_03061	0	0	0	0	0
ECB_03481	2	2	2	2	2
YP_003046704.1	0	0	0	0	0.5
ECB_03576	0	0	0.5	0	0.5
ECB_03610	0	0	0	0	0
	1	0	0	0	0
	0	0.5	0.5	0	0
ECB_04184	0	0	0	0.5	0.5
ECB_04275	0	0.5	0.5	0	0
ECB_00229	0	0	0	0	0
ECB_00399	0	0	0	0	0
ECB_00412	0	0	0	0	0
ECB_00982	0	0	0	0	0
ECB_01002	0	0	0	0	0
ECB_01551	0	0	0	0	0
ECB_01938	0	0	0	0	0
ECB_02428	0	0	0	0	0
ECB_02456	0	0	0	0	0
ECB_04200	0	0	0	0	0
	0	0	0	0	0
YP_003043252.1	0	0	0	0.5	0
ECB_00040	0.5	0	0	0	0
	0	0	0	0.5	0
	0	0	0.5	0	0
	0	0	0	0	0
	0	0	0.5	0.5	0
	0	0	0.5	0	0
	0.5	0.5	0	0	0
	0	0	0	0	0
	0	0	0	0.5	0.5
ECB_00359	0	0	0	0	0
ECB_00449	0	0	0	0	0
	0	0	0.5	0	0
YP_003043741.1	0	0	0	0	0
ECB_00677	0	0.5	0	0	0
ECB_00727	0	0	0	0	0
YP_003044001.1	0.5	0	0	0	0
	0	0	0.5	0.5	0
	0	0	0	0	0
YP_003044045.1	0.5	0	0	0	0
	0	0	0.5	0	0
	0	0	0.5	0	0
ECB_01012	0	0	0	0	0
	0	0	0	0	0.5
	0.5	0	0	0	0
ECB_01038	0	0	0	0	0.5
	0	0	0.5	0	0
	0.5	0	0	0	0
ECB_01141	0	0	0.5	0	0
	0	0.5	0	0	0
	0	0	0	0.5	0.5
ECB_01266	0	0.5	0	0	0
	0	0	0.5	0.5	0
	0	0	0	0	0
	0	0	0	0	0.5
ECB_01392	0	0.5	0	0	0
ECB_01621	0.5	0	0	0	0
ECB_01640	0	0	0	0	0
ECB_01643	0	0	0	0	0
	0	0	0.5	0	0
ECB_01699	0	0	0	0	0
ECB_01706	0	0	0	0	0
	0	0	0	0	0
	0.5	0	0	0.5	0
	0	0	0.5	0	0
YP_003045196.1	0	0	0	0	0
ECB_02030	0	0	0	0	0
ECB_02058	0	0	0	0	0
	0	0	0	0	0.5
	0	0.5	0	0	0
ECB_02126	0	0	0	0.5	0
	0	0	0	0	0
	0	0	0.5	0	0
	1	0	0	0	0
	0	0	0	0	0
ECB_02301	0	0	0.5	0	0
ECB_02309	0	0	0	0	0
	0.5	0	0	0	0
	0	0.5	0	0	0
	0	0	0	0.5	0
	0	0	0	0	0.5
	0	0	0	0	0
	0	1	0	0	0
	0	0.5	0.5	0	0
	0	0.5	0	0	0
	0	0.5	0.5	0	0
	0	0	0.5	0	0
	0	0	0	0	0
	0	0	0	0.5	0
ECB_02860	0	0	0	0	0.5
	0.5	0	0	0	0
	0.5	0	0	0	0
ECB_02929	0	0	0.5	0	0
	0	0	0	0	0
	0	0.5	0	0	0
	0.5	0	0	0	0.5
ECB_03099	0	0	0	0	0
	0.5	0	0	0.5	0
	0.5	0.5	0	0	0
	0	0	0	0	0.5
	0	0	0.5	0	0.5
ECB_03247	0	0	0	0	0
	0	0.5	0	0	0
	0	0	0.5	0	0.5
	0.5	0	0.5	0	0
	0.5	0	0	0	0
	0	0	0	0	0
	0	1	0	0	0
	0	0	0.5	0	0
	0	0	0	0	0.5
	0	0	0	0.5	0
ECB_03774	0	0	0	0	0
	0	0	0	0	0.5
	0	0	0.5	0	0.5
	0	0	0.5	0	0
ECB_03838	0	0	0	0	0
	0	0	0	0	0
	0	0	0	0.5	0
	0	0	0	0	0
	0	0	0	0	0.5
ECB_04008	0	0	0.5	0	0
	0	0	0.5	0	0.5
	0	0.5	0	0	0
	0	0	0	0.5	0
	0	0	0	0	0
	0	0.5	0	0	0
	0	0.5	0	0	0
	0	0	0.5	0	0
	0	0	1	0	0
	0	0	0	0.5	0
ECB_00262	0	0	0	0	0
	0	0	0	0	0.5
ECB_00307	0	0	0	0	0
	0.5	0	0	0	0
	0	0	0.5	0	0
ECB_00402	0.5	0	0	0	0
ECB_00408	0	0	0	0	0.5
	1	0	0	0	0
ECB_00590	0	0.5	0	0	0
	0	1	0	0	0
	0	0	0	1	0
ECB_00679	0	0.5	0	0	0
	0	0.5	0	0	0
	0	0	0	0	0
	0	0	0	0	0
	0.5	0	0	0	0
ECB_01108	0	0	0	0	0
ECB_01119	0	0	0	0	0
ECB_01195	0	0	0	0	0.5
ECB_01340	0	0	0	0.5	0
ECB_01350	0	0	0	0	0
	0	0	0	0.5	0
ECB_01364	0	0	0	0	0
ECB_01403	0	0	0	0	0
	0	0	0	0	0
YP_003044643.1	0	0	0	0	0
	0.5	0	0	0	0
ECB_01509	0	0	0	0	0
	0	1	0	0	0
ECB_01574	0.5	0	0	0	0
ECB_01625	0	0	0.5	0	0
ECB_01634	0	0	0	0	0
	0.5	0	0	0	0.5
ECB_01957	0	0.5	0	0	0
	0.5	0	0	0	0
	0	0	0	0	0
	0	0	0	0	0.5
ECB_02020	0	0	0	0	0.5
ECB_02047	0	0	0	0	0.5
ECB_02050	0	0	0	0	0.5
	0	0.5	0	0	0
ECB_02155	0	0	0	0	0
ECB_02178	0	0	0	0	0
ECB_02180	0	0	0.5	0	0
	0	0	0	0	1
YP_003045521.1	0.5	0	0	0	0
	0	0.5	0.5	0	0
ECB_02544	0	0	0	0	0
ECB_02548	0	0	0	0.5	0
ECB_02700	0.5	0	0	0	0
	0	0	0	0	0
ECB_02834	0	0	0	0	0
ECB_02836	0	0	0	0	0
ECB_02843	0	0	0	0	0
	0	0.5	0	0	0
	0	0	0.5	0	0
ECB_02983	0	0	0	0	0
	0	0.5	0.5	0	0
ECB_03005	0	0	0	0	0
ECB_03015	0	0	0	0	0
	0.5	0.5	0	0	0
	0	0.5	0	0	0
ECB_03317	0	0.5	0	0	0
ECB_03320	0	0	0	0	0
	0	0	0	0.5	0
	0	0.5	0	0	0
	0	0.5	0	0	0
	0	0	0	0.5	0.5
ECB_03662	0	0	0	0	0
	0.5	0	0.5	0	0
	0	0	0.5	0	0
	0.5	0	0	0	0
	0	0	0.5	0	0
ECB_03916	0	0	0	0.5	0
	0	0	0.5	0.5	0
	0	0	0.5	0	0
ECB_03977	0	0	0	0	0
	0	0	0	0	0
ECB_04075	0	0	0	0	0
	0.5	0	0	0	0
ECB_04146	0	0	0.5	0	0
ECB_04188	0	0	0.5	0	0
ECB_04226	3.5	3.5	3.5	3.5	3.5
	0.5	0	0	0	0.5
ECB_04241	0	0	0	0	0
ECB_00304	0	0	0	0	0
ECB_01160	0	0	0	0	0
ECB_01439	0	0	0	0	0
YP_003044723.1	0	0	0	0	0
ECB_01693	0	0	0	0	0
ECB_01833	0	0	0	0	0
ECB_02569	0	0	0	0	0
ECB_02598	0	0	0	0	0
ECB_02965	0	0	0	0	0
ECB_02994	0	0	0	0	0
YP_003046180.1	0	0	0	0	0
ECB_03254	0	0	0	0	0
ECB_03601	0	0	0	0	0
ECB_03940	0	0	0	0	0
ECB_04011	0	0	0	0	0
YP_003047400.1	0	0	0	0	0
	0	0	0.5	0	0
	0	0.5	0	0	0
	0	0	0	0.5	0
	0.5	0	0	0	0
	0	0	0	0	0
	0	0	0	0	0.5
	0	0.5	0	0	0
	0	0	0.5	0	0
	0	0	0	0	0.5
	0	0	0	0	0
	0.5	0	0	0	0
	0	0	0	0	0
	0	0	0	0	0
	0	0	0.5	0	0
	0	0.5	0	0	0
	0	0	0	0	0
	0	0	0.5	0	0
	0	0	0	0	0
	0.5	0	0	0	0
	0	0	0	0	0
	0	0.5	0	0	0
	0	0	0	0	0
	0.5	0	0	0	0
	0	0	0	0	0
	0	0	0	0	0
	0	0	0.5	0	0
	0	0	0.5	0	0
	0	0	0.5	0	0
	0	0	0	0	0
	0	0.5	0	0	0
	0	0	0	0	0
	0	0	0	0.5	0
	0	0	0	0	0
	0	0	0	0	0
	0	0	0	0	0
	0	0	0	0	0
	0	0	0	0	0.5
	0	0.5	0	0	0
	0	0	0	0	0
	0	0	0	0	0
	0	0	0	0	0
	0	0	0	0	0
	0	0	0	0	0.5
	0	0	0	0	0
	0	0	0	0	0
	0	0	0	0	0
	0	0	0	0	0
	0	0.5	0	0	0
	0.5	0	0	0	0
	0	0	0.5	0	0
	0	0	0	0	0
	0	0	0	0	0
	0	0.5	0	0	0
	0	0.5	0	0	0
	0	0	0	0.5	0
	0	0	0	0	0.5
	0	0	0	0.5	0
	0	0	0	0	0
	0	0	0	0	0
	0	0.5	0	0	0
	0	0	0	0	0
	0	0	0	0	0
	0	0	0	0	0.5
	0	0	0.5	0	0
	0	0	0	0.5	0
	0	0	0	0	0
	0.5	0	0	0	0
	0	0	0	0	0
	0	0	0	0	0
	0	0	0	0	0
	0	0	0	0	0
	0.5	0	0	0	0
	0	0	0	0	0
	0	0	0	0	0
	0	0.5	0	0	0
	0	0	0	0	0
	0	0	0.5	0	0
	0	0	0	0	0.5
	0	0	0	0	0
	0	0.5	0	0	0
	0	0	0.5	0	0
	0	0	0	0	0.5
	0	0	0.5	0	0
	0	0	0	0	0
	0	0	0	0	0
	0	0	0	0	0.5
	0	0	0	0.5	0
	0	0	0	0	0
	0	0	0	0	0.5
	0.5	0	0	0	0
	0	0.5	0	0	0
	0	0.5	0	0	0
	0	0	0	0	0
	0	0	0	0	0
	0	0	0	0	0.5
	0	0	0	0	0
	0.5	0	0	0	0
	0	0	0	0	0
	0	0	0	0	0
	0	0	0	0.5	0
	0	0	0	0	0.5
	0	0	0	0	0
	0	0	0	0	0
	0.5	0	0	0	0
	0	0.5	0	0	0
	0	0	0	0	0
	0	0	0	0	0
	0	0	0	0	0.5
	0	0	0	0	0
	0	0	0	0.5	0
	0	0	0	0	0
	0	0	0	0	0
	0	0	0.5	0	0
	0	0.5	0	0	0
	0	0	0	0	0.5
	0	0	0	0	0
	0	0	0	0.5	0
	0	0	0.5	0	0
	0	0	0	0	0
	0	0	0	0	0
	0	0.5	0	0	0
	0	0.5	0	0	0
	0	0	0	0	0.5
	0	0	0	0	0
	0	0.5	0	0	0
	0.5	0	0	0	0
	0.5	0	0	0	0
	0	0	0	0	0
	0	0	0	0	0.5
	0.5	0	0	0	0
	0	0	0	0	0
	0	0	0.5	0	0
	0	0	0	0.5	0
	0.5	0	0	0	0
	0	0.5	0	0	0
	0	0	0	0.5	0
	0	0	0	0	0.5
	0	0	0	0	0
	0	0.5	0	0	0
	0.5	0	0	0	0
	0	0	0	0	0
	0	0.5	0	0	0
	0	0	0	0	0
	0	0	0	0	0
	0	0	0.5	0	0
	0	0.5	0	0	0
	0	0	0	0.5	0
	0	0.5	0	0	0
	0	0	0	0	0
	0	0	0	0	0.5
	0	0	0	0.5	0
	0	0	0	0	0
	0	0	0.5	0	0
	0	0	0	0	0
	0	0	0	0	0
	0	0	0	0.5	0
	0	0	0	0	0.5
ECB_00107	0	0	0	0	0
ECB_00282	0	0	0	0	0
YP_003043547.1	0	0	0	0	0
ECB_00327	0	0	0	0	0
ECB_00350	0	0	0	0	0
ECB_00499	0	0	0	0	0
ECB_00540	0	0	0	0	0
ECB_00556	0	0	0	0	0
ECB_00648	0	0	0	0	0
ECB_00655	0	0	0	0	0
ECB_00717	0	0	0	0	0
YP_003043947.1	0	0	0	0	0
ECB_00753	0	0	0	0	0
ECB_00861	0	0	0	0	0
ECB_00947	0	0	0	0	0
ECB_01001	0	0	0	0	0
ECB_01023	0	0	0	0	0
ECB_01034	0	0	0	0	0
ECB_01040	0	0	0	0	0
ECB_01135	0	0	0	0	0
ECB_01139	0	0	0	0	0
ECB_01144	0	0	0	0	0
ECB_01158	0	0	0	0	0
YP_003044408.1	0	0	0	0	0
YP_003044548.1	0	0	0	0	0
ECB_01345	0	0	0	0	0
ECB_01363	0	0	0	0	0
YP_003044636.1	0	0	0	0	0
ECB_01431	0	0	0	0	0
ECB_01438	0	0	0	0	0
ECB_01444	0	0	0	0	0
ECB_01457	0	0	0	0	0
ECB_01496	0	0	0	0	0
ECB_01500	0	0	0	0	0
ECB_01513	0	0	0	0	0
YP_003044718.1	0	0	0	0	0
ECB_01537	0	0	0	0	0
ECB_01538	0	0	0	0	0
ECB_01544	0	0	0	0	0
ECB_01546	0	0	0	0	0
ECB_01569	0	0	0	0	0
ECB_01570	0	0	0	0	0
ECB_01697	0	0	0	0	0
ECB_01721	0	0	0	0	0
ECB_01760	0	0	0	0	0
ECB_01764	0	0	0	0	0
ECB_01799	0	0	0	0	0
ECB_01901	0	0	0	0	0
ECB_01967	0	0	0	0	0
ECB_02066	0	0	0	0	0
ECB_02131	0	0	0	0	0
ECB_02247	0	0	0	0	0
ECB_02347	0	0	0	0	0
ECB_02351	0	0	0	0	0
ECB_02384	0	0	0	0	0
ECB_02398	0	0	0	0	0
ECB_02426	0	0	0	0	0
ECB_02472	0	0	0	0	0
ECB_02556	0	0	0	0	0
ECB_02565	0	0	0	0	0
ECB_02616	0	0	0	0	0
ECB_02633	0	0	0	0	0
ECB_02782	0	0	0	0	0
ECB_02803	0	0	0	0	0
ECB_02810	0	0	0	0	0
ECB_02832	0	0	0	0	0
ECB_02852	0	0	0	0	0
ECB_02866	0	0	0	0	0
ECB_02969	0	0	0	0	0
ECB_03001	0	0	0	0	0
ECB_03021	0	0	0	0	0
ECB_03142	0	0	0	0	0
ECB_03180	0	0	0	0	0
ECB_03221	0	0	0	0	0
ECB_03244	0	0	0	0	0
ECB_03294	0	0	0	0	0
ECB_03363	0	0	0	0	0
YP_003046568.1	0	0	0	0	0
ECB_03451	0	0	0	0	0
ECB_03611	0	0	0	0	0
ECB_03640	0	0	0	0	0
ECB_03674	0	0	0	0	0
ECB_03711	0	0	0	0	0
ECB_03865	0	0	0	0	0
ECB_03927	0	0	0	0	0
ECB_03932	0	0	0	0	0
ECB_03948	0	0	0	0	0
ECB_03975	0	0	0	0	0
ECB_04082	0	0	0	0	0
ECB_04084	0	0	0	0	0
ECB_04108	0	0	0	0	0
ECB_04166	0	0	0	0	0
YP_003047341.1	0	0	0	0	0
ECB_04207	0	0	0	0	0
ECB_04245	0	0	0	0	0
ECB_04261	0	0	0	0	0
